Ch/D:TotADC/D:MeanADC/F:RmsADC/F:MinADC/D:MaxADC/D:TotHIT/D:MeanHIT/F:RmsHIT/F:MinHIT/D:MaxHIT/D:Eff/F
1024 64001 1332.2  49.1 1313 2304   4088 1393.3 183.1 1313 2304 0.064
1025 64001 1327.2  30.9 1306 2273   1807 1378.9 175.9 1306 2273 0.028
1026 64001 1327.4  22.2 1293 2202    415 1436.5 250.1 1293 2202 0.006
1027 64001 1322.2  16.8 1297 2163   2231 1331.3  88.2 1297 2163 0.035
1028 64001 1351.7 122.2 1306 2320  11333 1465.1 261.9 1308 2320 0.177
1029 64001 1333.2  21.5 1313 2285   3410 1344.5  91.6 1313 2285 0.053
1030 64001 1327.5  30.6 1300 2271   1460 1384.2 193.9 1300 2271 0.023
1031 64001 1322.7  16.3 1307 2275   4295 1326.8  62.1 1307 2275 0.067
1032 64001 1365.7 145.9 1300 2297  17963 1479.0 240.8 1300 2297 0.281
1033 64001 1336.4  34.6 1316 2190  16576 1341.7  67.6 1316 2190 0.259
1034 64001 1341.5  88.2 1146 2212   5431 1487.8 261.3 1314 2212 0.085
1035 64001 1322.9  15.4 1306 2168  17449 1322.4  29.1 1306 2168 0.273
1036 64001 1521.7 303.4 1088 2254  25516 1809.3 305.5 1312 2254 0.399
1037 64001 1335.3  15.7 1317 2194  17157 1335.7  30.1 1317 2194 0.268
1038 64001 1325.2  33.4 1306 2197   2984 1360.4 149.7 1306 2197 0.047
1039 64001 1325.9  13.2 1311 2127   1631 1339.3  80.8 1311 2127 0.025
1040 64001 1328.6  47.8 1307 2235   6873 1358.7 142.2 1307 2235 0.107
1041 64001 1334.0  27.0 1313 2193    962 1410.5 205.3 1313 2193 0.015
1042 64001 1331.5  13.1 1190 2131   2015 1356.4  68.4 1316 2131 0.031
1043 64001 1327.0  14.1 1314 2163    521 1367.6 148.3 1314 2163 0.008
1044 64001 1329.4  40.6 1312 2208   2582 1398.0 189.4 1312 2208 0.040
1045 64001 1334.3  18.9 1316 2153    743 1383.2 166.7 1316 2153 0.012
1046 64001 1329.9  34.7 1205 2227    640 1523.8 286.8 1315 2227 0.010
1047 64001 1329.4  12.1 1316 2211    496 1358.8 131.2 1316 2211 0.008
1048 64001 1336.6  34.2 1320 2201   1445 1415.4 213.1 1320 2201 0.023
1049 64001 1348.3  71.0 1322 2244   4552 1468.9 234.7 1322 2244 0.071
1050 64001 1334.8  12.0 1315 2106    717 1357.2 109.7 1315 2106 0.011
1051 64001 1330.1  12.8 1316 2090    572 1361.6 129.0 1316 2090 0.009
1052 64001 1338.3  48.9 1316 2218   2584 1446.5 216.8 1316 2218 0.040
1053 64001 1336.9  18.3 1321 2177   1074 1368.8 135.8 1321 2177 0.017
1054 64001 1332.4  31.3 1222 2150    443 1570.3 288.6 1315 2150 0.007
1055 64001 1332.6   9.5 1319 2136    251 1376.2 141.4 1319 2136 0.004
1056 64001 1333.5  32.6 1316 2171   9047 1342.4  85.9 1316 2171 0.141
1057 64001 1427.6 236.7 1255 2284  11741 1833.6 321.5 1317 2284 0.183
1058 64001 1337.6  10.1 1320 2124   5989 1339.1  32.1 1320 2124 0.094
1059 64001 1333.0  14.5 1316 2143   2432 1341.7  72.9 1316 2143 0.038
1060 64001 1365.8 119.6 1326 2204  10063 1501.6 262.9 1326 2204 0.157
1061 64001 1341.7  62.8 1107 2215   5568 1402.5 203.1 1316 2215 0.087
1062 64001 1334.8  19.4 1315 2232    903 1377.6 156.1 1315 2232 0.014
1063 64001 1336.3   9.2 1321 2137    315 1365.2 125.1 1321 2137 0.005
1064 64001 1338.9  25.7 1321 2207  11059 1346.0  61.2 1321 2207 0.173
1065 64001 1341.9  26.3 1322 2203   1069 1410.8 190.6 1322 2203 0.017
1066 64001 1337.8  11.0 1322 2146    292 1384.2 152.0 1322 2146 0.005
1067 64001 1334.8  12.2 1321 2213    248 1403.7 180.8 1321 2213 0.004
1068 64001 1339.4  22.8 1323 2199    615 1425.6 214.4 1323 2199 0.010
1069 64001 1343.0  15.5 1323 2275    359 1412.8 191.7 1323 2275 0.006
1070 64001 1340.8  13.2 1325 2204    234 1413.5 203.1 1325 2204 0.004
1071 64001 1336.3  12.1 1317 2210    265 1390.2 176.7 1317 2210 0.004
1072 64001 1342.3  22.2 1325 2208   7051 1351.3  65.8 1325 2208 0.110
1073 64001 1341.1  16.4 1321 2237    346 1418.8 206.4 1322 2237 0.005
1074 64001 1336.7  15.0 1319 2212    453 1392.3 166.7 1319 2212 0.007
1075 64001 1334.6  14.9 1316 2186    349 1404.4 186.7 1319 2186 0.005
1076 64001 1341.7  17.4 1319 2221    482 1405.2 188.8 1319 2221 0.008
1077 64001 1345.9  17.5 1325 2221    507 1406.3 184.3 1325 2221 0.008
1078 64001 1340.2  15.9 1320 2214    534 1390.8 165.2 1320 2214 0.008
1079 64001 1339.4  14.7 1307 2224    714 1372.3 133.1 1307 2224 0.011
1080 64001 1344.7  39.9 1312 2292   1017 1484.3 282.9 1312 2292 0.016
1081 64001 1342.4  34.7 1317 2305    953 1457.8 258.5 1317 2305 0.015
1082 64001 1340.5  44.3 1311 2314   1201 1491.3 285.1 1311 2314 0.019
1083 64001 1340.2  48.5 1132 2330   1277 1511.3 296.4 1312 2330 0.020
1084 64001 1345.6  36.9 1272 2336   2735 1409.5 166.0 1308 2336 0.043
1085 64001 1346.3  42.9 1297 2263    802 1564.5 313.3 1306 2263 0.013
1086 64001 1342.1  49.1 1311 2308   1358 1507.9 291.6 1311 2308 0.021
1087 64001 1345.8  46.5 1325 2289    967 1559.4 310.1 1325 2289 0.015
