   0    0.00    0.00
   1    0.00    0.00
   2    0.00    0.00
   3    0.00    0.00
   4    0.00    0.00
   5    0.00    0.00
   6    0.00    0.00
   7    0.00    0.00
   8    0.00    0.00
   9    0.00    0.00
  10    0.00    0.00
  11    0.00    0.00
  12    0.00    0.00
  13    0.00    0.00
  14    0.00    0.00
  15    0.00    0.00
  16    0.00    0.00
  17    0.00    0.00
  18    0.00    0.00
  19    0.00    0.00
  20    0.00    0.00
  21    0.00    0.00
  22    0.00    0.00
  23    0.00    0.00
  24    0.00    0.00
  25    0.00    0.00
  26    0.00    0.00
  27    0.00    0.00
  28    0.00    0.00
  29    0.00    0.00
  30    0.00    0.00
  31    0.00    0.00
  32    0.00    0.00
  33    0.00    0.00
  34    0.00    0.00
  35    0.00    0.00
  36    0.00    0.00
  37    0.00    0.00
  38    0.00    0.00
  39    0.00    0.00
  40    0.00    0.00
  41    0.00    0.00
  42    0.00    0.00
  43    0.00    0.00
  44    0.00    0.00
  45    0.00    0.00
  46    0.00    0.00
  47    0.00    0.00
  48    0.00    0.00
  49    0.00    0.00
  50    0.00    0.00
  51    0.00    0.00
  52    0.00    0.00
  53    0.00    0.00
  54    0.00    0.00
  55    0.00    0.00
  56    0.00    0.00
  57    0.00    0.00
  58    0.00    0.00
  59    0.00    0.00
  60    0.00    0.00
  61    0.00    0.00
  62    0.00    0.00
  63    0.00    0.00
  64    0.00    0.00
  65    0.00    0.00
  66    0.00    0.00
  67    0.00    0.00
  68    0.00    0.00
  69    0.00    0.00
  70    0.00    0.00
  71    0.00    0.00
  72    0.00    0.00
  73    0.00    0.00
  74    0.00    0.00
  75    0.00    0.00
  76    0.00    0.00
  77    0.00    0.00
  78    0.00    0.00
  79    0.00    0.00
  80    0.00    0.00
  81    0.00    0.00
  82    0.00    0.00
  83    0.00    0.00
  84    0.00    0.00
  85    0.00    0.00
  86    0.00    0.00
  87    0.00    0.00
  88    0.00    0.00
  89    0.00    0.00
  90    0.00    0.00
  91    0.00    0.00
  92    0.00    0.00
  93    0.00    0.00
  94    0.00    0.00
  95    0.00    0.00
  96    0.00    0.00
  97    0.00    0.00
  98    0.00    0.00
  99    0.00    0.00
 100    0.00    0.00
 101    0.00    0.00
 102    0.00    0.00
 103    0.00    0.00
 104    0.00    0.00
 105    0.00    0.00
 106    0.00    0.00
 107    0.00    0.00
 108    0.00    0.00
 109    0.00    0.00
 110    0.00    0.00
 111    0.00    0.00
 112    0.00    0.00
 113    0.00    0.00
 114    0.00    0.00
 115    0.00    0.00
 116    0.00    0.00
 117    0.00    0.00
 118    0.00    0.00
 119    0.00    0.00
 120    0.00    0.00
 121    0.00    0.00
 122    0.00    0.00
 123    0.00    0.00
 124    0.00    0.00
 125    0.00    0.00
 126    0.00    0.00
 127    0.00    0.00
 128    0.00    0.00
 129    0.00    0.00
 130    0.00    0.00
 131    0.00    0.00
 132    0.00    0.00
 133    0.00    0.00
 134    0.00    0.00
 135    0.00    0.00
 136    0.00    0.00
 137    0.00    0.00
 138    0.00    0.00
 139    0.00    0.00
 140    0.00    0.00
 141    0.00    0.00
 142    0.00    0.00
 143    0.00    0.00
 144    0.00    0.00
 145    0.00    0.00
 146    0.00    0.00
 147    0.00    0.00
 148    0.00    0.00
 149    0.00    0.00
 150    0.00    0.00
 151    0.00    0.00
 152    0.00    0.00
 153    0.00    0.00
 154    0.00    0.00
 155    0.00    0.00
 156    0.00    0.00
 157    0.00    0.00
 158    0.00    0.00
 159    0.00    0.00
 160    0.00    0.00
 161    0.00    0.00
 162    0.00    0.00
 163    0.00    0.00
 164    0.00    0.00
 165    0.00    0.00
 166    0.00    0.00
 167    0.00    0.00
 168    0.00    0.00
 169    0.00    0.00
 170    0.00    0.00
 171    0.00    0.00
 172    0.00    0.00
 173    0.00    0.00
 174    0.00    0.00
 175    0.00    0.00
 176    0.00    0.00
 177    0.00    0.00
 178    0.00    0.00
 179    0.00    0.00
 180    0.00    0.00
 181    0.00    0.00
 182    0.00    0.00
 183    0.00    0.00
 184    0.00    0.00
 185    0.00    0.00
 186    0.00    0.00
 187    0.00    0.00
 188    0.00    0.00
 189    0.00    0.00
 190    0.00    0.00
 191    0.00    0.00
 192    0.00    0.00
 193    0.00    0.00
 194    0.00    0.00
 195    0.00    0.00
 196    0.00    0.00
 197    0.00    0.00
 198    0.00    0.00
 199    0.00    0.00
 200    0.00    0.00
 201    0.00    0.00
 202    0.00    0.00
 203    0.00    0.00
 204    0.00    0.00
 205    0.00    0.00
 206    0.00    0.00
 207    0.00    0.00
 208    0.00    0.00
 209    0.00    0.00
 210    0.00    0.00
 211    0.00    0.00
 212    0.00    0.00
 213    0.00    0.00
 214    0.00    0.00
 215    0.00    0.00
 216    0.00    0.00
 217    0.00    0.00
 218    0.00    0.00
 219    0.00    0.00
 220    0.00    0.00
 221    0.00    0.00
 222    0.00    0.00
 223    0.00    0.00
 224    0.00    0.00
 225    0.00    0.00
 226    0.00    0.00
 227    0.00    0.00
 228    0.00    0.00
 229    0.00    0.00
 230    0.00    0.00
 231    0.00    0.00
 232    0.00    0.00
 233    0.00    0.00
 234    0.00    0.00
 235    0.00    0.00
 236    0.00    0.00
 237    0.00    0.00
 238    0.00    0.00
 239    0.00    0.00
 240    0.00    0.00
 241    0.00    0.00
 242    0.00    0.00
 243    0.00    0.00
 244    0.00    0.00
 245    0.00    0.00
 246    0.00    0.00
 247    0.00    0.00
 248    0.00    0.00
 249    0.00    0.00
 250    0.00    0.00
 251    0.00    0.00
 252    0.00    0.00
 253    0.00    0.00
 254    0.00    0.00
 255    0.00    0.00
 256    0.00    0.00
 257    0.00    0.00
 258    0.00    0.00
 259    0.00    0.00
 260    0.00    0.00
 261    0.00    0.00
 262    0.00    0.00
 263    0.00    0.00
 264    0.00    0.00
 265    0.00    0.00
 266    0.00    0.00
 267    0.00    0.00
 268    0.00    0.00
 269    0.00    0.00
 270    0.00    0.00
 271    0.00    0.00
 272    0.00    0.00
 273    0.00    0.00
 274    0.00    0.00
 275    0.00    0.00
 276    0.00    0.00
 277    0.00    0.00
 278    0.00    0.00
 279    0.00    0.00
 280    0.00    0.00
 281    0.00    0.00
 282    0.00    0.00
 283    0.00    0.00
 284    0.00    0.00
 285    0.00    0.00
 286    0.00    0.00
 287    0.00    0.00
 288    0.00    0.00
 289    0.00    0.00
 290    0.00    0.00
 291    0.00    0.00
 292    0.00    0.00
 293    0.00    0.00
 294    0.00    0.00
 295    0.00    0.00
 296    0.00    0.00
 297    0.00    0.00
 298    0.00    0.00
 299    0.00    0.00
 300    0.00    0.00
 301    0.00    0.00
 302    0.00    0.00
 303    0.00    0.00
 304    0.00    0.00
 305    0.00    0.00
 306    0.00    0.00
 307    0.00    0.00
 308    0.00    0.00
 309    0.00    0.00
 310    0.00    0.00
 311    0.00    0.00
 312    0.00    0.00
 313    0.00    0.00
 314    0.00    0.00
 315    0.00    0.00
 316    0.00    0.00
 317    0.00    0.00
 318    0.00    0.00
 319    0.00    0.00
 320    0.00    0.00
 321    0.00    0.00
 322    0.00    0.00
 323    0.00    0.00
 324    0.00    0.00
 325    0.00    0.00
 326    0.00    0.00
 327    0.00    0.00
 328    0.00    0.00
 329    0.00    0.00
 330    0.00    0.00
 331    0.00    0.00
 332    0.00    0.00
 333    0.00    0.00
 334    0.00    0.00
 335    0.00    0.00
 336    0.00    0.00
 337    0.00    0.00
 338    0.00    0.00
 339    0.00    0.00
 340    0.00    0.00
 341    0.00    0.00
 342    0.00    0.00
 343    0.00    0.00
 344    0.00    0.00
 345    0.00    0.00
 346    0.00    0.00
 347    0.00    0.00
 348    0.00    0.00
 349    0.00    0.00
 350    0.00    0.00
 351    0.00    0.00
 352    0.00    0.00
 353    0.00    0.00
 354    0.00    0.00
 355    0.00    0.00
 356    0.00    0.00
 357    0.00    0.00
 358    0.00    0.00
 359    0.00    0.00
 360    0.00    0.00
 361    0.00    0.00
 362    0.00    0.00
 363    0.00    0.00
 364    0.00    0.00
 365    0.00    0.00
 366    0.00    0.00
 367    0.00    0.00
 368    0.00    0.00
 369    0.00    0.00
 370    0.00    0.00
 371    0.00    0.00
 372    0.00    0.00
 373    0.00    0.00
 374    0.00    0.00
 375    0.00    0.00
 376    0.00    0.00
 377    0.00    0.00
 378    0.00    0.00
 379    0.00    0.00
 380    0.00    0.00
 381    0.00    0.00
 382    0.00    0.00
 383    0.00    0.00
 384    0.00    0.00
 385    0.00    0.00
 386    0.00    0.00
 387    0.00    0.00
 388    0.00    0.00
 389    0.00    0.00
 390    0.00    0.00
 391    0.00    0.00
 392    0.00    0.00
 393    0.00    0.00
 394    0.00    0.00
 395    0.00    0.00
 396    0.00    0.00
 397    0.00    0.00
 398    0.00    0.00
 399    0.00    0.00
 400    0.00    0.00
 401    0.00    0.00
 402    0.00    0.00
 403    0.00    0.00
 404    0.00    0.00
 405    0.00    0.00
 406    0.00    0.00
 407    0.00    0.00
 408    0.00    0.00
 409    0.00    0.00
 410    0.00    0.00
 411    0.00    0.00
 412    0.00    0.00
 413    0.00    0.00
 414    0.00    0.00
 415    0.00    0.00
 416    0.00    0.00
 417    0.00    0.00
 418    0.00    0.00
 419    0.00    0.00
 420    0.00    0.00
 421    0.00    0.00
 422    0.00    0.00
 423    0.00    0.00
 424    0.00    0.00
 425    0.00    0.00
 426    0.00    0.00
 427    0.00    0.00
 428    0.00    0.00
 429    0.00    0.00
 430    0.00    0.00
 431    0.00    0.00
 432    0.00    0.00
 433    0.00    0.00
 434    0.00    0.00
 435    0.00    0.00
 436    0.00    0.00
 437    0.00    0.00
 438    0.00    0.00
 439    0.00    0.00
 440    0.00    0.00
 441    0.00    0.00
 442    0.00    0.00
 443    0.00    0.00
 444    0.00    0.00
 445    0.00    0.00
 446    0.00    0.00
 447    0.00    0.00
 448    0.00    0.00
 449    0.00    0.00
 450    0.00    0.00
 451    0.00    0.00
 452    0.00    0.00
 453    0.00    0.00
 454    0.00    0.00
 455    0.00    0.00
 456    0.00    0.00
 457    0.00    0.00
 458    0.00    0.00
 459    0.00    0.00
 460    0.00    0.00
 461    0.00    0.00
 462    0.00    0.00
 463    0.00    0.00
 464    0.00    0.00
 465    0.00    0.00
 466    0.00    0.00
 467    0.00    0.00
 468    0.00    0.00
 469    0.00    0.00
 470    0.00    0.00
 471    0.00    0.00
 472    0.00    0.00
 473    0.00    0.00
 474    0.00    0.00
 475    0.00    0.00
 476    0.00    0.00
 477    0.00    0.00
 478    0.00    0.00
 479    0.00    0.00
 480    0.00    0.00
 481    0.00    0.00
 482    0.00    0.00
 483    0.00    0.00
 484    0.00    0.00
 485    0.00    0.00
 486    0.00    0.00
 487    0.00    0.00
 488    0.00    0.00
 489    0.00    0.00
 490    0.00    0.00
 491    0.00    0.00
 492    0.00    0.00
 493    0.00    0.00
 494    0.00    0.00
 495    0.00    0.00
 496    0.00    0.00
 497    0.00    0.00
 498    0.00    0.00
 499    0.00    0.00
 500    0.00    0.00
 501    0.00    0.00
 502    0.00    0.00
 503    0.00    0.00
 504    0.00    0.00
 505    0.00    0.00
 506    0.00    0.00
 507    0.00    0.00
 508    0.00    0.00
 509    0.00    0.00
 510    0.00    0.00
 511    0.00    0.00
 512    0.00    0.00
 513    0.00    0.00
 514    0.00    0.00
 515    0.00    0.00
 516    0.00    0.00
 517    0.00    0.00
 518    0.00    0.00
 519    0.00    0.00
 520    0.00    0.00
 521    0.00    0.00
 522    0.00    0.00
 523    0.00    0.00
 524    0.00    0.00
 525    0.00    0.00
 526    0.00    0.00
 527    0.00    0.00
 528    0.00    0.00
 529    0.00    0.00
 530    0.00    0.00
 531    0.00    0.00
 532    0.00    0.00
 533    0.00    0.00
 534    0.00    0.00
 535    0.00    0.00
 536    0.00    0.00
 537    0.00    0.00
 538    0.00    0.00
 539    0.00    0.00
 540    0.00    0.00
 541    0.00    0.00
 542    0.00    0.00
 543    0.00    0.00
 544    0.00    0.00
 545    0.00    0.00
 546    0.00    0.00
 547    0.00    0.00
 548    0.00    0.00
 549    0.00    0.00
 550    0.00    0.00
 551    0.00    0.00
 552    0.00    0.00
 553    0.00    0.00
 554    0.00    0.00
 555    0.00    0.00
 556    0.00    0.00
 557    0.00    0.00
 558    0.00    0.00
 559    0.00    0.00
 560    0.00    0.00
 561    0.00    0.00
 562    0.00    0.00
 563    0.00    0.00
 564    0.00    0.00
 565    0.00    0.00
 566    0.00    0.00
 567    0.00    0.00
 568    0.00    0.00
 569    0.00    0.00
 570    0.00    0.00
 571    0.00    0.00
 572    0.00    0.00
 573    0.00    0.00
 574    0.00    0.00
 575    0.00    0.00
 576    0.00    0.00
 577    0.00    0.00
 578    0.00    0.00
 579    0.00    0.00
 580    0.00    0.00
 581    0.00    0.00
 582    0.00    0.00
 583    0.00    0.00
 584    0.00    0.00
 585    0.00    0.00
 586    0.00    0.00
 587    0.00    0.00
 588    0.00    0.00
 589    0.00    0.00
 590    0.00    0.00
 591    0.00    0.00
 592    0.00    0.00
 593    0.00    0.00
 594    0.00    0.00
 595    0.00    0.00
 596    0.00    0.00
 597    0.00    0.00
 598    0.00    0.00
 599    0.00    0.00
 600    0.00    0.00
 601    0.00    0.00
 602    0.00    0.00
 603    0.00    0.00
 604    0.00    0.00
 605    0.00    0.00
 606    0.00    0.00
 607    0.00    0.00
 608    0.00    0.00
 609    0.00    0.00
 610    0.00    0.00
 611    0.00    0.00
 612    0.00    0.00
 613    0.00    0.00
 614    0.00    0.00
 615    0.00    0.00
 616    0.00    0.00
 617    0.00    0.00
 618    0.00    0.00
 619    0.00    0.00
 620    0.00    0.00
 621    0.00    0.00
 622    0.00    0.00
 623    0.00    0.00
 624    0.00    0.00
 625    0.00    0.00
 626    0.00    0.00
 627    0.00    0.00
 628    0.00    0.00
 629    0.00    0.00
 630    0.00    0.00
 631    0.00    0.00
 632    0.00    0.00
 633    0.00    0.00
 634    0.00    0.00
 635    0.00    0.00
 636    0.00    0.00
 637    0.00    0.00
 638    0.00    0.00
 639    0.00    0.00
 640    0.00    0.00
 641    0.00    0.00
 642    0.00    0.00
 643    0.00    0.00
 644    0.00    0.00
 645    0.00    0.00
 646    0.00    0.00
 647    0.00    0.00
 648    0.00    0.00
 649    0.00    0.00
 650    0.00    0.00
 651    0.00    0.00
 652    0.00    0.00
 653    0.00    0.00
 654    0.00    0.00
 655    0.00    0.00
 656    0.00    0.00
 657    0.00    0.00
 658    0.00    0.00
 659    0.00    0.00
 660    0.00    0.00
 661    0.00    0.00
 662    0.00    0.00
 663    0.00    0.00
 664    0.00    0.00
 665    0.00    0.00
 666    0.00    0.00
 667    0.00    0.00
 668    0.00    0.00
 669    0.00    0.00
 670    0.00    0.00
 671    0.00    0.00
 672    0.00    0.00
 673    0.00    0.00
 674    0.00    0.00
 675    0.00    0.00
 676    0.00    0.00
 677    0.00    0.00
 678    0.00    0.00
 679    0.00    0.00
 680    0.00    0.00
 681    0.00    0.00
 682    0.00    0.00
 683    0.00    0.00
 684    0.00    0.00
 685    0.00    0.00
 686    0.00    0.00
 687    0.00    0.00
 688    0.00    0.00
 689    0.00    0.00
 690    0.00    0.00
 691    0.00    0.00
 692    0.00    0.00
 693    0.00    0.00
 694    0.00    0.00
 695    0.00    0.00
 696    0.00    0.00
 697    0.00    0.00
 698    0.00    0.00
 699    0.00    0.00
 700    0.00    0.00
 701    0.00    0.00
 702    0.00    0.00
 703    0.00    0.00
 704    0.00    0.00
 705    0.00    0.00
 706    0.00    0.00
 707    0.00    0.00
 708    0.00    0.00
 709    0.00    0.00
 710    0.00    0.00
 711    0.00    0.00
 712    0.00    0.00
 713    0.00    0.00
 714    0.00    0.00
 715    0.00    0.00
 716    0.00    0.00
 717    0.00    0.00
 718    0.00    0.00
 719    0.00    0.00
 720    0.00    0.00
 721    0.00    0.00
 722    0.00    0.00
 723    0.00    0.00
 724    0.00    0.00
 725    0.00    0.00
 726    0.00    0.00
 727    0.00    0.00
 728    0.00    0.00
 729    0.00    0.00
 730    0.00    0.00
 731    0.00    0.00
 732    0.00    0.00
 733    0.00    0.00
 734    0.00    0.00
 735    0.00    0.00
 736    0.00    0.00
 737    0.00    0.00
 738    0.00    0.00
 739    0.00    0.00
 740    0.00    0.00
 741    0.00    0.00
 742    0.00    0.00
 743    0.00    0.00
 744    0.00    0.00
 745    0.00    0.00
 746    0.00    0.00
 747    0.00    0.00
 748    0.00    0.00
 749    0.00    0.00
 750    0.00    0.00
 751    0.00    0.00
 752    0.00    0.00
 753    0.00    0.00
 754    0.00    0.00
 755    0.00    0.00
 756    0.00    0.00
 757    0.00    0.00
 758    0.00    0.00
 759    0.00    0.00
 760    0.00    0.00
 761    0.00    0.00
 762    0.00    0.00
 763    0.00    0.00
 764    0.00    0.00
 765    0.00    0.00
 766    0.00    0.00
 767    0.00    0.00
 768    0.00    0.00
 769    0.00    0.00
 770    0.00    0.00
 771    0.00    0.00
 772    0.00    0.00
 773    0.00    0.00
 774    0.00    0.00
 775    0.00    0.00
 776    0.00    0.00
 777    0.00    0.00
 778    0.00    0.00
 779    0.00    0.00
 780    0.00    0.00
 781    0.00    0.00
 782    0.00    0.00
 783    0.00    0.00
 784    0.00    0.00
 785    0.00    0.00
 786    0.00    0.00
 787    0.00    0.00
 788    0.00    0.00
 789    0.00    0.00
 790    0.00    0.00
 791    0.00    0.00
 792    0.00    0.00
 793    0.00    0.00
 794    0.00    0.00
 795    0.00    0.00
 796    0.00    0.00
 797    0.00    0.00
 798    0.00    0.00
 799    0.00    0.00
 800    0.00    0.00
 801    0.00    0.00
 802    0.00    0.00
 803    0.00    0.00
 804    0.00    0.00
 805    0.00    0.00
 806    0.00    0.00
 807    0.00    0.00
 808    0.00    0.00
 809    0.00    0.00
 810    0.00    0.00
 811    0.00    0.00
 812    0.00    0.00
 813    0.00    0.00
 814    0.00    0.00
 815    0.00    0.00
 816    0.00    0.00
 817    0.00    0.00
 818    0.00    0.00
 819    0.00    0.00
 820    0.00    0.00
 821    0.00    0.00
 822    0.00    0.00
 823    0.00    0.00
 824    0.00    0.00
 825    0.00    0.00
 826    0.00    0.00
 827    0.00    0.00
 828    0.00    0.00
 829    0.00    0.00
 830    0.00    0.00
 831    0.00    0.00
 832    0.00    0.00
 833    0.00    0.00
 834    0.00    0.00
 835    0.00    0.00
 836    0.00    0.00
 837    0.00    0.00
 838    0.00    0.00
 839    0.00    0.00
 840    0.00    0.00
 841    0.00    0.00
 842    0.00    0.00
 843    0.00    0.00
 844    0.00    0.00
 845    0.00    0.00
 846    0.00    0.00
 847    0.00    0.00
 848    0.00    0.00
 849    0.00    0.00
 850    0.00    0.00
 851    0.00    0.00
 852    0.00    0.00
 853    0.00    0.00
 854    0.00    0.00
 855    0.00    0.00
 856    0.00    0.00
 857    0.00    0.00
 858    0.00    0.00
 859    0.00    0.00
 860    0.00    0.00
 861    0.00    0.00
 862    0.00    0.00
 863    0.00    0.00
 864    0.00    0.00
 865    0.00    0.00
 866    0.00    0.00
 867    0.00    0.00
 868    0.00    0.00
 869    0.00    0.00
 870    0.00    0.00
 871    0.00    0.00
 872    0.00    0.00
 873    0.00    0.00
 874    0.00    0.00
 875    0.00    0.00
 876    0.00    0.00
 877    0.00    0.00
 878    0.00    0.00
 879    0.00    0.00
 880    0.00    0.00
 881    0.00    0.00
 882    0.00    0.00
 883    0.00    0.00
 884    0.00    0.00
 885    0.00    0.00
 886    0.00    0.00
 887    0.00    0.00
 888    0.00    0.00
 889    0.00    0.00
 890    0.00    0.00
 891    0.00    0.00
 892    0.00    0.00
 893    0.00    0.00
 894    0.00    0.00
 895    0.00    0.00
 896    0.00    0.00
 897    0.00    0.00
 898    0.00    0.00
 899    0.00    0.00
 900    0.00    0.00
 901    0.00    0.00
 902    0.00    0.00
 903    0.00    0.00
 904    0.00    0.00
 905    0.00    0.00
 906    0.00    0.00
 907    0.00    0.00
 908    0.00    0.00
 909    0.00    0.00
 910    0.00    0.00
 911    0.00    0.00
 912    0.00    0.00
 913    0.00    0.00
 914    0.00    0.00
 915    0.00    0.00
 916    0.00    0.00
 917    0.00    0.00
 918    0.00    0.00
 919    0.00    0.00
 920    0.00    0.00
 921    0.00    0.00
 922    0.00    0.00
 923    0.00    0.00
 924    0.00    0.00
 925    0.00    0.00
 926    0.00    0.00
 927    0.00    0.00
 928    0.00    0.00
 929    0.00    0.00
 930    0.00    0.00
 931    0.00    0.00
 932    0.00    0.00
 933    0.00    0.00
 934    0.00    0.00
 935    0.00    0.00
 936    0.00    0.00
 937    0.00    0.00
 938    0.00    0.00
 939    0.00    0.00
 940    0.00    0.00
 941    0.00    0.00
 942    0.00    0.00
 943    0.00    0.00
 944    0.00    0.00
 945    0.00    0.00
 946    0.00    0.00
 947    0.00    0.00
 948    0.00    0.00
 949    0.00    0.00
 950    0.00    0.00
 951    0.00    0.00
 952    0.00    0.00
 953    0.00    0.00
 954    0.00    0.00
 955    0.00    0.00
 956    0.00    0.00
 957    0.00    0.00
 958    0.00    0.00
 959    0.00    0.00
 960    0.00    0.00
 961    0.00    0.00
 962    0.00    0.00
 963    0.00    0.00
 964    0.00    0.00
 965    0.00    0.00
 966    0.00    0.00
 967    0.00    0.00
 968    0.00    0.00
 969    0.00    0.00
 970    0.00    0.00
 971    0.00    0.00
 972    0.00    0.00
 973    0.00    0.00
 974    0.00    0.00
 975    0.00    0.00
 976    0.00    0.00
 977    0.00    0.00
 978    0.00    0.00
 979    0.00    0.00
 980    0.00    0.00
 981    0.00    0.00
 982    0.00    0.00
 983    0.00    0.00
 984    0.00    0.00
 985    0.00    0.00
 986    0.00    0.00
 987    0.00    0.00
 988    0.00    0.00
 989    0.00    0.00
 990    0.00    0.00
 991    0.00    0.00
 992    0.00    0.00
 993    0.00    0.00
 994    0.00    0.00
 995    0.00    0.00
 996    0.00    0.00
 997    0.00    0.00
 998    0.00    0.00
 999    0.00    0.00
1000    0.00    0.00
1001    0.00    0.00
1002    0.00    0.00
1003    0.00    0.00
1004    0.00    0.00
1005    0.00    0.00
1006    0.00    0.00
1007    0.00    0.00
1008    0.00    0.00
1009    0.00    0.00
1010    0.00    0.00
1011    0.00    0.00
1012    0.00    0.00
1013    0.00    0.00
1014    0.00    0.00
1015    0.00    0.00
1016    0.00    0.00
1017    0.00    0.00
1018    0.00    0.00
1019    0.00    0.00
1020    0.00    0.00
1021    0.00    0.00
1022    0.00    0.00
1023    0.00    0.00
1024    0.00    0.00
1025    0.00    0.00
1026    0.00    0.00
1027    0.00    0.00
1028    0.00    0.00
1029    0.00    0.00
1030    0.00    0.00
1031    0.00    0.00
1032    0.00    0.00
1033    0.00    0.00
1034    0.00    0.00
1035    0.00    0.00
1036    0.00    0.00
1037    0.00    0.00
1038    0.00    0.00
1039    0.00    0.00
1040    0.00    0.00
1041    0.00    0.00
1042    0.00    0.00
1043    0.00    0.00
1044    0.00    0.00
1045    0.00    0.00
1046    0.00    0.00
1047    0.00    0.00
1048    0.00    0.00
1049    0.00    0.00
1050    0.00    0.00
1051    0.00    0.00
1052    0.00    0.00
1053    0.00    0.00
1054    0.00    0.00
1055    0.00    0.00
1056    0.00    0.00
1057    0.00    0.00
1058    0.00    0.00
1059    0.00    0.00
1060    0.00    0.00
1061    0.00    0.00
1062    0.00    0.00
1063    0.00    0.00
1064    0.00    0.00
1065    0.00    0.00
1066    0.00    0.00
1067    0.00    0.00
1068    0.00    0.00
1069    0.00    0.00
1070    0.00    0.00
1071    0.00    0.00
1072    0.00    0.00
1073    0.00    0.00
1074    0.00    0.00
1075    0.00    0.00
1076    0.00    0.00
1077    0.00    0.00
1078    0.00    0.00
1079    0.00    0.00
1080    0.00    0.00
1081    0.00    0.00
1082    0.00    0.00
1083    0.00    0.00
1084    0.00    0.00
1085    0.00    0.00
1086    0.00    0.00
1087    0.00    0.00
1088    0.00    0.00
1089    0.00    0.00
1090    0.00    0.00
1091    0.00    0.00
1092    0.00    0.00
1093    0.00    0.00
1094    0.00    0.00
1095    0.00    0.00
1096    0.00    0.00
1097    0.00    0.00
1098    0.00    0.00
1099    0.00    0.00
1100    0.00    0.00
1101    0.00    0.00
1102    0.00    0.00
1103    0.00    0.00
1104    0.00    0.00
1105    0.00    0.00
1106    0.00    0.00
1107    0.00    0.00
1108    0.00    0.00
1109    0.00    0.00
1110    0.00    0.00
1111    0.00    0.00
1112    0.00    0.00
1113    0.00    0.00
1114    0.00    0.00
1115    0.00    0.00
1116    0.00    0.00
1117    0.00    0.00
1118    0.00    0.00
1119    0.00    0.00
1120    0.00    0.00
1121    0.00    0.00
1122    0.00    0.00
1123    0.00    0.00
1124    0.00    0.00
1125    0.00    0.00
1126    0.00    0.00
1127    0.00    0.00
1128    0.00    0.00
1129    0.00    0.00
1130    0.00    0.00
1131    0.00    0.00
1132    0.00    0.00
1133    0.00    0.00
1134    0.00    0.00
1135    0.00    0.00
1136    0.00    0.00
1137    0.00    0.00
1138    0.00    0.00
1139    0.00    0.00
1140    0.00    0.00
1141    0.00    0.00
1142    0.00    0.00
1143    0.00    0.00
1144    0.00    0.00
1145    0.00    0.00
1146    0.00    0.00
1147    0.00    0.00
1148    0.00    0.00
1149    0.00    0.00
1150    0.00    0.00
1151    0.00    0.00
1152    0.00    0.00
1153    0.00    0.00
1154    0.00    0.00
1155    0.00    0.00
1156    0.00    0.00
1157    0.00    0.00
1158    0.00    0.00
1159    0.00    0.00
1160    0.00    0.00
1161    0.00    0.00
1162    0.00    0.00
1163    0.00    0.00
1164    0.00    0.00
1165    0.00    0.00
1166    0.00    0.00
1167    0.00    0.00
1168    0.00    0.00
1169    0.00    0.00
1170    0.00    0.00
1171    0.00    0.00
1172    0.00    0.00
1173    0.00    0.00
1174    0.00    0.00
1175    0.00    0.00
1176    0.00    0.00
1177    0.00    0.00
1178    0.00    0.00
1179    0.00    0.00
1180    0.00    0.00
1181    0.00    0.00
1182    0.00    0.00
1183    0.00    0.00
1184    0.00    0.00
1185    0.00    0.00
1186    0.00    0.00
1187    0.00    0.00
1188    0.00    0.00
1189    0.00    0.00
1190    0.00    0.00
1191    0.00    0.00
1192    0.00    0.00
1193    0.00    0.00
1194    0.00    0.00
1195    0.00    0.00
1196    0.00    0.00
1197    0.00    0.00
1198    0.00    0.00
1199    0.00    0.00
1200    0.00    0.00
1201    0.00    0.00
1202    0.00    0.00
1203    0.00    0.00
1204    0.00    0.00
1205    0.00    0.00
1206    0.00    0.00
1207    0.00    0.00
1208    0.00    0.00
1209    0.00    0.00
1210    0.00    0.00
1211    0.00    0.00
1212    0.00    0.00
1213    0.00    0.00
1214    0.00    0.00
1215    0.00    0.00
1216    0.00    0.00
1217    0.00    0.00
1218    0.00    0.00
1219    0.00    0.00
1220    0.00    0.00
1221    0.00    0.00
1222    0.00    0.00
1223    0.00    0.00
1224    0.00    0.00
1225    0.00    0.00
1226    0.00    0.00
1227    0.00    0.00
1228    0.00    0.00
1229    0.00    0.00
1230    0.00    0.00
1231    0.00    0.00
1232    0.00    0.00
1233    0.00    0.00
1234    0.00    0.00
1235    0.00    0.00
1236    0.00    0.00
1237    0.00    0.00
1238    0.00    0.00
1239    0.00    0.00
1240    0.00    0.00
1241    0.00    0.00
1242    0.00    0.00
1243    0.00    0.00
1244    0.00    0.00
1245    0.00    0.00
1246    0.00    0.00
1247    0.00    0.00
1248    0.00    0.00
1249    0.00    0.00
1250    0.00    0.00
1251    0.00    0.00
1252    0.00    0.00
1253    0.00    0.00
1254    0.00    0.00
1255    0.00    0.00
1256    0.00    0.00
1257    0.00    0.00
1258    0.00    0.00
1259    0.00    0.00
1260    0.00    0.00
1261    0.00    0.00
1262    0.00    0.00
1263    0.00    0.00
1264    0.00    0.00
1265    0.00    0.00
1266    0.00    0.00
1267    0.00    0.00
1268    0.00    0.00
1269    0.00    0.00
1270    0.00    0.00
1271    0.00    0.00
1272    0.00    0.00
1273    0.00    0.00
1274    0.00    0.00
1275    0.00    0.00
1276    0.00    0.00
1277    0.00    0.00
1278    0.00    0.00
1279    0.00    0.00
1280    0.00    0.00
1281    0.00    0.00
1282    0.00    0.00
1283    0.00    0.00
1284    0.00    0.00
1285    0.00    0.00
1286    0.00    0.00
1287    0.00    0.00
1288    0.00    0.00
1289    0.00    0.00
1290    0.00    0.00
1291    0.00    0.00
1292    0.00    0.00
1293    0.00    0.00
1294    0.00    0.00
1295    0.00    0.00
1296    0.00    0.00
1297    0.00    0.00
1298    0.00    0.00
1299    0.00    0.00
1300    0.00    0.00
1301    0.00    0.00
1302    0.00    0.00
1303    0.00    0.00
1304    0.00    0.00
1305    0.00    0.00
1306    0.00    0.00
1307    0.00    0.00
1308    0.00    0.00
1309    0.00    0.00
1310    0.00    0.00
1311    0.00    0.00
1312    0.00    0.00
1313    0.00    0.00
1314    0.00    0.00
1315    0.00    0.00
1316    0.00    0.00
1317    0.00    0.00
1318    0.00    0.00
1319    0.00    0.00
1320    0.00    0.00
1321    0.00    0.00
1322    0.00    0.00
1323    0.00    0.00
1324    0.00    0.00
1325    0.00    0.00
1326    0.00    0.00
1327    0.00    0.00
1328    0.00    0.00
1329    0.00    0.00
1330    0.00    0.00
1331    0.00    0.00
1332    0.00    0.00
1333    0.00    0.00
1334    0.00    0.00
1335    0.00    0.00
1336    0.00    0.00
1337    0.00    0.00
1338    0.00    0.00
1339    0.00    0.00
1340    0.00    0.00
1341    0.00    0.00
1342    0.00    0.00
1343    0.00    0.00
1344    0.00    0.00
1345    0.00    0.00
1346    0.00    0.00
1347    0.00    0.00
1348    0.00    0.00
1349    0.00    0.00
1350    0.00    0.00
1351    0.00    0.00
1352    0.00    0.00
1353    0.00    0.00
1354    0.00    0.00
1355    0.00    0.00
1356    0.00    0.00
1357    0.00    0.00
1358    0.00    0.00
1359    0.00    0.00
1360    0.00    0.00
1361    0.00    0.00
1362    0.00    0.00
1363    0.00    0.00
1364    0.00    0.00
1365    0.00    0.00
1366    0.00    0.00
1367    0.00    0.00
1368    0.00    0.00
1369    0.00    0.00
1370    0.00    0.00
1371    0.00    0.00
1372    0.00    0.00
1373    0.00    0.00
1374    0.00    0.00
1375    0.00    0.00
1376    0.00    0.00
1377    0.00    0.00
1378    0.00    0.00
1379    0.00    0.00
1380    0.00    0.00
1381    0.00    0.00
1382    0.00    0.00
1383    0.00    0.00
1384    0.00    0.00
1385    0.00    0.00
1386    0.00    0.00
1387    0.00    0.00
1388    0.00    0.00
1389    0.00    0.00
1390    0.00    0.00
1391    0.00    0.00
1392    0.00    0.00
1393    0.00    0.00
1394    0.00    0.00
1395    0.00    0.00
1396    0.00    0.00
1397    0.00    0.00
1398    0.00    0.00
1399    0.00    0.00
1400    0.00    0.00
1401    0.00    0.00
1402    0.00    0.00
1403    0.00    0.00
1404    0.00    0.00
1405    0.00    0.00
1406    0.00    0.00
1407    0.00    0.00
1408    0.00    0.00
1409    0.00    0.00
1410    0.00    0.00
1411    0.00    0.00
1412    0.00    0.00
1413    0.00    0.00
1414    0.00    0.00
1415    0.00    0.00
1416    0.00    0.00
1417    0.00    0.00
1418    0.00    0.00
1419    0.00    0.00
1420    0.00    0.00
1421    0.00    0.00
1422    0.00    0.00
1423    0.00    0.00
1424    0.00    0.00
1425    0.00    0.00
1426    0.00    0.00
1427    0.00    0.00
1428    0.00    0.00
1429    0.00    0.00
1430    0.00    0.00
1431    0.00    0.00
1432    0.00    0.00
1433    0.00    0.00
1434    0.00    0.00
1435    0.00    0.00
1436    0.00    0.00
1437    0.00    0.00
1438    0.00    0.00
1439    0.00    0.00
1440    0.00    0.00
1441    0.00    0.00
1442    0.00    0.00
1443    0.00    0.00
1444    0.00    0.00
1445    0.00    0.00
1446    0.00    0.00
1447    0.00    0.00
1448    0.00    0.00
1449    0.00    0.00
1450    0.00    0.00
1451    0.00    0.00
1452    0.00    0.00
1453    0.00    0.00
1454    0.00    0.00
1455    0.00    0.00
1456    0.00    0.00
1457    0.00    0.00
1458    0.00    0.00
1459    0.00    0.00
1460    0.00    0.00
1461    0.00    0.00
1462    0.00    0.00
1463    0.00    0.00
1464    0.00    0.00
1465    0.00    0.00
1466    0.00    0.00
1467    0.00    0.00
1468    0.00    0.00
1469    0.00    0.00
1470    0.00    0.00
1471    0.00    0.00
1472    0.00    0.00
1473    0.00    0.00
1474    0.00    0.00
1475    0.00    0.00
1476    0.00    0.00
1477    0.00    0.00
1478    0.00    0.00
1479    0.00    0.00
1480    0.00    0.00
1481    0.00    0.00
1482    0.00    0.00
1483    0.00    0.00
1484    0.00    0.00
1485    0.00    0.00
1486    0.00    0.00
1487    0.00    0.00
1488    0.00    0.00
1489    0.00    0.00
1490    0.00    0.00
1491    0.00    0.00
1492    0.00    0.00
1493    0.00    0.00
1494    0.00    0.00
1495    0.00    0.00
1496    0.00    0.00
1497    0.00    0.00
1498    0.00    0.00
1499    0.00    0.00
1500    0.00    0.00
1501    0.00    0.00
1502    0.00    0.00
1503    0.00    0.00
1504    0.00    0.00
1505    0.00    0.00
1506    0.00    0.00
1507    0.00    0.00
1508    0.00    0.00
1509    0.00    0.00
1510    0.00    0.00
1511    0.00    0.00
1512    0.00    0.00
1513    0.00    0.00
1514    0.00    0.00
1515    0.00    0.00
1516    0.00    0.00
1517    0.00    0.00
1518    0.00    0.00
1519    0.00    0.00
1520    0.00    0.00
1521    0.00    0.00
1522    0.00    0.00
1523    0.00    0.00
1524    0.00    0.00
1525    0.00    0.00
1526    0.00    0.00
1527    0.00    0.00
1528    0.00    0.00
1529    0.00    0.00
1530    0.00    0.00
1531    0.00    0.00
1532    0.00    0.00
1533    0.00    0.00
1534    0.00    0.00
1535    0.00    0.00
1536    0.00    0.00
1537    0.00    0.00
1538    0.00    0.00
1539    0.00    0.00
1540    0.00    0.00
1541    0.00    0.00
1542    0.00    0.00
1543    0.00    0.00
1544    0.00    0.00
1545    0.00    0.00
1546    0.00    0.00
1547    0.00    0.00
1548    0.00    0.00
1549    0.00    0.00
1550    0.00    0.00
1551    0.00    0.00
1552    0.00    0.00
1553    0.00    0.00
1554    0.00    0.00
1555    0.00    0.00
1556    0.00    0.00
1557    0.00    0.00
1558    0.00    0.00
1559    0.00    0.00
1560    0.00    0.00
1561    0.00    0.00
1562    0.00    0.00
1563    0.00    0.00
1564    0.00    0.00
1565    0.00    0.00
1566    0.00    0.00
1567    0.00    0.00
1568    0.00    0.00
1569    0.00    0.00
1570    0.00    0.00
1571    0.00    0.00
1572    0.00    0.00
1573    0.00    0.00
1574    0.00    0.00
1575    0.00    0.00
1576    0.00    0.00
1577    0.00    0.00
1578    0.00    0.00
1579    0.00    0.00
1580    0.00    0.00
1581    0.00    0.00
1582    0.00    0.00
1583    0.00    0.00
1584    0.00    0.00
1585    0.00    0.00
1586    0.00    0.00
1587    0.00    0.00
1588    0.00    0.00
1589    0.00    0.00
1590    0.00    0.00
1591    0.00    0.00
1592    0.00    0.00
1593    0.00    0.00
1594    0.00    0.00
1595    0.00    0.00
1596    0.00    0.00
1597    0.00    0.00
1598    0.00    0.00
1599    0.00    0.00
1600    0.00    0.00
1601    0.00    0.00
1602    0.00    0.00
1603    0.00    0.00
1604    0.00    0.00
1605    0.00    0.00
1606    0.00    0.00
1607    0.00    0.00
1608    0.00    0.00
1609    0.00    0.00
1610    0.00    0.00
1611    0.00    0.00
1612    0.00    0.00
1613    0.00    0.00
1614    0.00    0.00
1615    0.00    0.00
1616    0.00    0.00
1617    0.00    0.00
1618    0.00    0.00
1619    0.00    0.00
1620    0.00    0.00
1621    0.00    0.00
1622    0.00    0.00
1623    0.00    0.00
1624    0.00    0.00
1625    0.00    0.00
1626    0.00    0.00
1627    0.00    0.00
1628    0.00    0.00
1629    0.00    0.00
1630    0.00    0.00
1631    0.00    0.00
1632    0.00    0.00
1633    0.00    0.00
1634    0.00    0.00
1635    0.00    0.00
1636    0.00    0.00
1637    0.00    0.00
1638    0.00    0.00
1639    0.00    0.00
1640    0.00    0.00
1641    0.00    0.00
1642    0.00    0.00
1643    0.00    0.00
1644    0.00    0.00
1645    0.00    0.00
1646    0.00    0.00
1647    0.00    0.00
1648    0.00    0.00
1649    0.00    0.00
1650    0.00    0.00
1651    0.00    0.00
1652    0.00    0.00
1653    0.00    0.00
1654    0.00    0.00
1655    0.00    0.00
1656    0.00    0.00
1657    0.00    0.00
1658    0.00    0.00
1659    0.00    0.00
1660    0.00    0.00
1661    0.00    0.00
1662    0.00    0.00
1663    0.00    0.00
1664    0.00    0.00
1665    0.00    0.00
1666    0.00    0.00
1667    0.00    0.00
1668    0.00    0.00
1669    0.00    0.00
1670    0.00    0.00
1671    0.00    0.00
1672    0.00    0.00
1673    0.00    0.00
1674    0.00    0.00
1675    0.00    0.00
1676    0.00    0.00
1677    0.00    0.00
1678    0.00    0.00
1679    0.00    0.00
1680    0.00    0.00
1681    0.00    0.00
1682    0.00    0.00
1683    0.00    0.00
1684    0.00    0.00
1685    0.00    0.00
1686    0.00    0.00
1687    0.00    0.00
1688    0.00    0.00
1689    0.00    0.00
1690    0.00    0.00
1691    0.00    0.00
1692    0.00    0.00
1693    0.00    0.00
1694    0.00    0.00
1695    0.00    0.00
1696    0.00    0.00
1697    0.00    0.00
1698    0.00    0.00
1699    0.00    0.00
1700    0.00    0.00
1701    0.00    0.00
1702    0.00    0.00
1703    0.00    0.00
1704    0.00    0.00
1705    0.00    0.00
1706    0.00    0.00
1707    0.00    0.00
1708    0.00    0.00
1709    0.00    0.00
1710    0.00    0.00
1711    0.00    0.00
1712    0.00    0.00
1713    0.00    0.00
1714    0.00    0.00
1715    0.00    0.00
1716    0.00    0.00
1717    0.00    0.00
1718    0.00    0.00
1719    0.00    0.00
1720    0.00    0.00
1721    0.00    0.00
1722    0.00    0.00
1723    0.00    0.00
1724    0.00    0.00
1725    0.00    0.00
1726    0.00    0.00
1727    0.00    0.00
1728    0.00    0.00
1729    0.00    0.00
1730    0.00    0.00
1731    0.00    0.00
1732    0.00    0.00
1733    0.00    0.00
1734    0.00    0.00
1735    0.00    0.00
1736    0.00    0.00
1737    0.00    0.00
1738    0.00    0.00
1739    0.00    0.00
1740    0.00    0.00
1741    0.00    0.00
1742    0.00    0.00
1743    0.00    0.00
1744    0.00    0.00
1745    0.00    0.00
1746    0.00    0.00
1747    0.00    0.00
1748    0.00    0.00
1749    0.00    0.00
1750    0.00    0.00
1751    0.00    0.00
1752    0.00    0.00
1753    0.00    0.00
1754    0.00    0.00
1755    0.00    0.00
1756    0.00    0.00
1757    0.00    0.00
1758    0.00    0.00
1759    0.00    0.00
1760    0.00    0.00
1761    0.00    0.00
1762    0.00    0.00
1763    0.00    0.00
1764    0.00    0.00
1765    0.00    0.00
1766    0.00    0.00
1767    0.00    0.00
1768    0.00    0.00
1769    0.00    0.00
1770    0.00    0.00
1771    0.00    0.00
1772    0.00    0.00
1773    0.00    0.00
1774    0.00    0.00
1775    0.00    0.00
1776    0.00    0.00
1777    0.00    0.00
1778    0.00    0.00
1779    0.00    0.00
1780    0.00    0.00
1781    0.00    0.00
1782    0.00    0.00
1783    0.00    0.00
1784    0.00    0.00
1785    0.00    0.00
1786    0.00    0.00
1787    0.00    0.00
1788    0.00    0.00
1789    0.00    0.00
1790    0.00    0.00
1791    0.00    0.00
1792    0.00    0.00
1793    0.00    0.00
1794    0.00    0.00
1795    0.00    0.00
1796    0.00    0.00
1797    0.00    0.00
1798    0.00    0.00
1799    0.00    0.00
1800    0.00    0.00
1801    0.00    0.00
1802    0.00    0.00
1803    0.00    0.00
1804    0.00    0.00
1805    0.00    0.00
1806    0.00    0.00
1807    0.00    0.00
1808    0.00    0.00
1809    0.00    0.00
1810    0.00    0.00
1811    0.00    0.00
1812    0.00    0.00
1813    0.00    0.00
1814    0.00    0.00
1815    0.00    0.00
1816    0.00    0.00
1817    0.00    0.00
1818    0.00    0.00
1819    0.00    0.00
1820    0.00    0.00
1821    0.00    0.00
1822    0.00    0.00
1823    0.00    0.00
1824    0.00    0.00
1825    0.00    0.00
1826    0.00    0.00
1827    0.00    0.00
1828    0.00    0.00
1829    0.00    0.00
1830    0.00    0.00
1831    0.00    0.00
1832    0.00    0.00
1833    0.00    0.00
1834    0.00    0.00
1835    0.00    0.00
1836    0.00    0.00
1837    0.00    0.00
1838    0.00    0.00
1839    0.00    0.00
1840    0.00    0.00
1841    0.00    0.00
1842    0.00    0.00
1843    0.00    0.00
1844    0.00    0.00
1845    0.00    0.00
1846    0.00    0.00
1847    0.00    0.00
1848    0.00    0.00
1849    0.00    0.00
1850    0.00    0.00
1851    0.00    0.00
1852    0.00    0.00
1853    0.00    0.00
1854    0.00    0.00
1855    0.00    0.00
1856    0.00    0.00
1857    0.00    0.00
1858    0.00    0.00
1859    0.00    0.00
1860    0.00    0.00
1861    0.00    0.00
1862    0.00    0.00
1863    0.00    0.00
1864    0.00    0.00
1865    0.00    0.00
1866    0.00    0.00
1867    0.00    0.00
1868    0.00    0.00
1869    0.00    0.00
1870    0.00    0.00
1871    0.00    0.00
1872    0.00    0.00
1873    0.00    0.00
1874    0.00    0.00
1875    0.00    0.00
1876    0.00    0.00
1877    0.00    0.00
1878    0.00    0.00
1879    0.00    0.00
1880    0.00    0.00
1881    0.00    0.00
1882    0.00    0.00
1883    0.00    0.00
1884    0.00    0.00
1885    0.00    0.00
1886    0.00    0.00
1887    0.00    0.00
1888    0.00    0.00
1889    0.00    0.00
1890    0.00    0.00
1891    0.00    0.00
1892    0.00    0.00
1893    0.00    0.00
1894    0.00    0.00
1895    0.00    0.00
1896    0.00    0.00
1897    0.00    0.00
1898    0.00    0.00
1899    0.00    0.00
1900    0.00    0.00
1901    0.00    0.00
1902    0.00    0.00
1903    0.00    0.00
1904    0.00    0.00
1905    0.00    0.00
1906    0.00    0.00
1907    0.00    0.00
1908    0.00    0.00
1909    0.00    0.00
1910    0.00    0.00
1911    0.00    0.00
1912    0.00    0.00
1913    0.00    0.00
1914    0.00    0.00
1915    0.00    0.00
1916    0.00    0.00
1917    0.00    0.00
1918    0.00    0.00
1919    0.00    0.00
1920    0.00    0.00
1921    0.00    0.00
1922    0.00    0.00
1923    0.00    0.00
1924    0.00    0.00
1925    0.00    0.00
1926    0.00    0.00
1927    0.00    0.00
1928    0.00    0.00
1929    0.00    0.00
1930    0.00    0.00
1931    0.00    0.00
1932    0.00    0.00
1933    0.00    0.00
1934    0.00    0.00
1935    0.00    0.00
1936    0.00    0.00
1937    0.00    0.00
1938    0.00    0.00
1939    0.00    0.00
1940    0.00    0.00
1941    0.00    0.00
1942    0.00    0.00
1943    0.00    0.00
1944    0.00    0.00
1945    0.00    0.00
1946    0.00    0.00
1947    0.00    0.00
1948    0.00    0.00
1949    0.00    0.00
1950    0.00    0.00
1951    0.00    0.00
1952    0.00    0.00
1953    0.00    0.00
1954    0.00    0.00
1955    0.00    0.00
1956    0.00    0.00
1957    0.00    0.00
1958    0.00    0.00
1959    0.00    0.00
1960    0.00    0.00
1961    0.00    0.00
1962    0.00    0.00
1963    0.00    0.00
1964    0.00    0.00
1965    0.00    0.00
1966    0.00    0.00
1967    0.00    0.00
1968    0.00    0.00
1969    0.00    0.00
1970    0.00    0.00
1971    0.00    0.00
1972    0.00    0.00
1973    0.00    0.00
1974    0.00    0.00
1975    0.00    0.00
1976    0.00    0.00
1977    0.00    0.00
1978    0.00    0.00
1979    0.00    0.00
1980    0.00    0.00
1981    0.00    0.00
1982    0.00    0.00
1983    0.00    0.00
1984    0.00    0.00
1985    0.00    0.00
1986    0.00    0.00
1987    0.00    0.00
1988    0.00    0.00
1989    0.00    0.00
1990    0.00    0.00
1991    0.00    0.00
1992    0.00    0.00
1993    0.00    0.00
1994    0.00    0.00
1995    0.00    0.00
1996    0.00    0.00
1997    0.00    0.00
1998    0.00    0.00
1999    0.00    0.00
2000    0.00    0.00
2001    0.00    0.00
2002    0.00    0.00
2003    0.00    0.00
2004    0.00    0.00
2005    0.00    0.00
2006    0.00    0.00
2007    0.00    0.00
2008    0.00    0.00
2009    0.00    0.00
2010    0.00    0.00
2011    0.00    0.00
2012    0.00    0.00
2013    0.00    0.00
2014    0.00    0.00
2015    0.00    0.00
2016    0.00    0.00
2017    0.00    0.00
2018    0.00    0.00
2019    0.00    0.00
2020    0.00    0.00
2021    0.00    0.00
2022    0.00    0.00
2023    0.00    0.00
2024    0.00    0.00
2025    0.00    0.00
2026    0.00    0.00
2027    0.00    0.00
2028    0.00    0.00
2029    0.00    0.00
2030    0.00    0.00
2031    0.00    0.00
2032    0.00    0.00
2033    0.00    0.00
2034    0.00    0.00
2035    0.00    0.00
2036    0.00    0.00
2037    0.00    0.00
2038    0.00    0.00
2039    0.00    0.00
2040    0.00    0.00
2041    0.00    0.00
2042    0.00    0.00
2043    0.00    0.00
2044    0.00    0.00
2045    0.00    0.00
2046    0.00    0.00
2047    0.00    0.00
2048    0.50    0.50
2049    1.50    0.50
2050    2.50    0.50
2051    3.50    0.50
2052    4.50    0.50
2053    5.50    0.50
2054    6.50    0.50
2055    7.50    0.50
2056    8.50    0.50
2057    9.50    0.50
2058   10.50    0.50
2059   11.50    0.50
2060   12.50    0.50
2061   13.50    0.50
2062   14.50    0.50
2063   15.50    0.50
2064   16.50    0.50
2065   17.50    0.50
2066   18.50    0.50
2067   19.50    0.50
2068   20.50    0.50
2069   21.50    0.50
2070   22.50    0.50
2071   23.50    0.50
2072   24.50    0.50
2073   25.50    0.50
2074   26.50    0.50
2075   27.50    0.50
2076   28.50    0.50
2077   29.50    0.50
2078   30.50    0.50
2079   31.50    0.50
2080   32.50    0.50
2081   33.50    0.50
2082   34.50    0.50
2083   35.50    0.50
2084   36.50    0.50
2085   37.50    0.50
2086   38.50    0.50
2087   39.50    0.50
2088   40.50    0.50
2089   41.50    0.50
2090   42.50    0.50
2091   43.50    0.50
2092   44.50    0.50
2093   45.50    0.50
2094   46.50    0.50
2095   47.50    0.50
2096   48.50    0.50
2097   49.50    0.50
2098   50.50    0.50
2099   51.50    0.50
2100   52.50    0.50
2101   53.50    0.50
2102   54.50    0.50
2103   55.50    0.50
2104   56.50    0.50
2105   57.50    0.50
2106   58.50    0.50
2107   59.50    0.50
2108   60.50    0.50
2109   61.50    0.50
2110   62.50    0.50
2111   63.50    0.50
2112   64.50    0.50
2113   65.50    0.50
2114   66.50    0.50
2115   67.50    0.50
2116   68.50    0.50
2117   69.50    0.50
2118   70.50    0.50
2119   71.50    0.50
2120   72.50    0.50
2121   73.50    0.50
2122   74.50    0.50
2123   75.50    0.50
2124   76.50    0.50
2125   77.50    0.50
2126   78.50    0.50
2127   79.50    0.50
2128   80.50    0.50
2129   81.50    0.50
2130   82.50    0.50
2131   83.50    0.50
2132   84.50    0.50
2133   85.50    0.50
2134   86.50    0.50
2135   87.50    0.50
2136   88.50    0.50
2137   89.50    0.50
2138   90.50    0.50
2139   91.50    0.50
2140   92.50    0.50
2141   93.50    0.50
2142   94.50    0.50
2143   95.50    0.50
2144   96.50    0.50
2145   97.50    0.50
2146   98.50    0.50
2147   99.50    0.50
2148  100.50    0.50
2149  101.50    0.50
2150  102.50    0.50
2151  103.50    0.50
2152  104.50    0.50
2153  105.50    0.50
2154  106.50    0.50
2155  107.50    0.50
2156  108.50    0.50
2157  109.50    0.50
2158  110.50    0.50
2159  111.50    0.50
2160  112.50    0.50
2161  113.50    0.50
2162  114.50    0.50
2163  115.50    0.50
2164  116.50    0.50
2165  117.50    0.50
2166  118.50    0.50
2167  119.50    0.50
2168  120.50    0.50
2169  121.50    0.50
2170  122.50    0.50
2171  123.50    0.50
2172  124.50    0.50
2173  125.50    0.50
2174  126.50    0.50
2175  127.50    0.50
2176  128.50    0.50
2177  129.50    0.50
2178  130.50    0.50
2179  131.50    0.50
2180  132.50    0.50
2181  133.50    0.50
2182  134.50    0.50
2183  135.50    0.50
2184  136.50    0.50
2185  137.50    0.50
2186  138.50    0.50
2187  139.50    0.50
2188  140.50    0.50
2189  141.50    0.50
2190  142.50    0.50
2191  143.50    0.50
2192  144.50    0.50
2193  145.50    0.50
2194  146.50    0.50
2195  147.50    0.50
2196  148.50    0.50
2197  149.50    0.50
2198  150.50    0.50
2199  151.50    0.50
2200  152.50    0.50
2201  153.50    0.50
2202  154.50    0.50
2203  155.50    0.50
2204  156.50    0.50
2205  157.50    0.50
2206  158.50    0.50
2207  159.50    0.50
2208  160.50    0.50
2209  161.50    0.50
2210  162.50    0.50
2211  163.50    0.50
2212  164.50    0.50
2213  165.50    0.50
2214  166.50    0.50
2215  167.50    0.50
2216  168.50    0.50
2217  169.50    0.50
2218  170.50    0.50
2219  171.50    0.50
2220  172.50    0.50
2221  173.50    0.50
2222  174.50    0.50
2223  175.50    0.50
2224  176.50    0.50
2225  177.50    0.50
2226  178.50    0.50
2227  179.50    0.50
2228  180.50    0.50
2229  181.50    0.50
2230  182.50    0.50
2231  183.50    0.50
2232  184.50    0.50
2233  185.50    0.50
2234  186.50    0.50
2235  187.50    0.50
2236  188.50    0.50
2237  189.50    0.50
2238  190.50    0.50
2239  191.50    0.50
2240  192.50    0.50
2241  193.50    0.50
2242  194.50    0.50
2243  195.50    0.50
2244  196.50    0.50
2245  197.50    0.50
2246  198.50    0.50
2247  199.50    0.50
2248  200.50    0.50
2249  201.50    0.50
2250  202.50    0.50
2251  203.50    0.50
2252  204.50    0.50
2253  205.50    0.50
2254  206.50    0.50
2255  207.50    0.50
2256  208.50    0.50
2257  209.50    0.50
2258  210.50    0.50
2259  211.50    0.50
2260  212.50    0.50
2261  213.50    0.50
2262  214.50    0.50
2263  215.50    0.50
2264  216.50    0.50
2265  217.50    0.50
2266  218.50    0.50
2267  219.50    0.50
2268  220.50    0.50
2269  221.50    0.50
2270  222.50    0.50
2271  223.50    0.50
2272  224.50    0.50
2273  225.50    0.50
2274  226.50    0.50
2275  227.50    0.50
2276  228.50    0.50
2277  229.50    0.50
2278  230.50    0.50
2279  231.50    0.50
2280  232.50    0.50
2281  233.50    0.50
2282  234.50    0.50
2283  235.50    0.50
2284  236.50    0.50
2285  237.50    0.50
2286  238.50    0.50
2287  239.50    0.50
2288  240.50    0.50
2289  241.50    0.50
2290  242.50    0.50
2291  243.50    0.50
2292  244.50    0.50
2293  245.50    0.50
2294  246.50    0.50
2295  247.50    0.50
2296  248.50    0.50
2297  249.50    0.50
2298  250.50    0.50
2299  251.50    0.50
2300  252.50    0.50
2301  253.50    0.50
2302  254.50    0.50
2303  255.50    0.50
2304  256.50    0.50
2305  257.50    0.50
2306  258.50    0.50
2307  259.50    0.50
2308  260.50    0.50
2309  261.50    0.50
2310  262.50    0.50
2311  263.50    0.50
2312  264.50    0.50
2313  265.50    0.50
2314  266.50    0.50
2315  267.50    0.50
2316  268.50    0.50
2317  269.50    0.50
2318  270.50    0.50
2319  271.50    0.50
2320  272.50    0.50
2321  273.50    0.50
2322  274.50    0.50
2323  275.50    0.50
2324  276.50    0.50
2325  277.50    0.50
2326  278.50    0.50
2327  279.50    0.50
2328  280.50    0.50
2329  281.50    0.50
2330  282.50    0.50
2331  283.50    0.50
2332  284.50    0.50
2333  285.50    0.50
2334  286.50    0.50
2335  287.50    0.50
2336  288.50    0.50
2337  289.50    0.50
2338  290.50    0.50
2339  291.50    0.50
2340  292.50    0.50
2341  293.50    0.50
2342  294.50    0.50
2343  295.50    0.50
2344  296.50    0.50
2345  297.50    0.50
2346  298.50    0.50
2347  299.50    0.50
2348  300.50    0.50
2349  301.50    0.50
2350  302.50    0.50
2351  303.50    0.50
2352  304.50    0.50
2353  305.50    0.50
2354  306.50    0.50
2355  307.50    0.50
2356  308.50    0.50
2357  309.50    0.50
2358  310.50    0.50
2359  311.50    0.50
2360  312.50    0.50
2361  313.50    0.50
2362  314.50    0.50
2363  315.50    0.50
2364  316.50    0.50
2365  317.50    0.50
2366  318.50    0.50
2367  319.50    0.50
2368  320.50    0.50
2369  321.50    0.50
2370  322.50    0.50
2371  323.50    0.50
2372  324.50    0.50
2373  325.50    0.50
2374  326.50    0.50
2375  327.50    0.50
2376  328.50    0.50
2377  329.50    0.50
2378  330.50    0.50
2379  331.50    0.50
2380  332.50    0.50
2381  333.50    0.50
2382  334.50    0.50
2383  335.50    0.50
2384  336.50    0.50
2385  337.50    0.50
2386  338.50    0.50
2387  339.50    0.50
2388  340.50    0.50
2389  341.50    0.50
2390  342.50    0.50
2391  343.50    0.50
2392  344.50    0.50
2393  345.50    0.50
2394  346.50    0.50
2395  347.50    0.50
2396  348.50    0.50
2397  349.50    0.50
2398  350.50    0.50
2399  351.50    0.50
2400  352.50    0.50
2401  353.50    0.50
2402  354.50    0.50
2403  355.50    0.50
2404  356.50    0.50
2405  357.50    0.50
2406  358.50    0.50
2407  359.50    0.50
2408  360.50    0.50
2409  361.50    0.50
2410  362.50    0.50
2411  363.50    0.50
2412  364.50    0.50
2413  365.50    0.50
2414  366.50    0.50
2415  367.50    0.50
2416  368.50    0.50
2417  369.50    0.50
2418  370.50    0.50
2419  371.50    0.50
2420  372.50    0.50
2421  373.50    0.50
2422  374.50    0.50
2423  375.50    0.50
2424  376.50    0.50
2425  377.50    0.50
2426  378.50    0.50
2427  379.50    0.50
2428  380.50    0.50
2429  381.50    0.50
2430  382.50    0.50
2431  383.50    0.50
2432  384.50    0.50
2433  385.50    0.50
2434  386.50    0.50
2435  387.50    0.50
2436  388.50    0.50
2437  389.50    0.50
2438  390.50    0.50
2439  391.50    0.50
2440  392.50    0.50
2441  393.50    0.50
2442  394.50    0.50
2443  395.50    0.50
2444  396.50    0.50
2445  397.50    0.50
2446  398.50    0.50
2447  399.50    0.50
2448  400.50    0.50
2449  401.50    0.50
2450  402.50    0.50
2451  403.50    0.50
2452  404.50    0.50
2453  405.50    0.50
2454  406.50    0.50
2455  407.50    0.50
2456  408.50    0.50
2457  409.50    0.50
2458  410.50    0.50
2459  411.50    0.50
2460  412.50    0.50
2461  413.50    0.50
2462  414.50    0.50
2463  415.50    0.50
2464  416.50    0.50
2465  417.50    0.50
2466  418.50    0.50
2467  419.50    0.50
2468  420.50    0.50
2469  421.50    0.50
2470  422.50    0.50
2471  423.50    0.50
2472  424.50    0.50
2473  425.50    0.50
2474  426.50    0.50
2475  427.50    0.50
2476  428.50    0.50
2477  429.50    0.50
2478  430.50    0.50
2479  431.50    0.50
2480  432.50    0.50
2481  433.50    0.50
2482  434.50    0.50
2483  435.50    0.50
2484  436.50    0.50
2485  437.50    0.50
2486  438.50    0.50
2487  439.50    0.50
2488  440.50    0.50
2489  441.50    0.50
2490  442.50    0.50
2491  443.50    0.50
2492  444.50    0.50
2493  445.50    0.50
2494  446.50    0.50
2495  447.50    0.50
2496  448.50    0.50
2497  449.50    0.50
2498  450.50    0.50
2499  451.50    0.50
2500  452.50    0.50
2501  453.50    0.50
2502  454.50    0.50
2503  455.50    0.50
2504  456.50    0.50
2505  457.50    0.50
2506  458.50    0.50
2507  459.50    0.50
2508  460.50    0.50
2509  461.50    0.50
2510  462.50    0.50
2511  463.50    0.50
2512  464.50    0.50
2513  465.50    0.50
2514  466.50    0.50
2515  467.50    0.50
2516  468.50    0.50
2517  469.50    0.50
2518  470.50    0.50
2519  471.50    0.50
2520  472.50    0.50
2521  473.50    0.50
2522  474.50    0.50
2523  475.50    0.50
2524  476.50    0.50
2525  477.50    0.50
2526  478.50    0.50
2527  479.50    0.50
2528  480.50    0.50
2529  481.50    0.50
2530  482.50    0.50
2531  483.50    0.50
2532  484.50    0.50
2533  485.50    0.50
2534  486.50    0.50
2535  487.50    0.50
2536  488.50    0.50
2537  489.50    0.50
2538  490.50    0.50
2539  491.50    0.50
2540  492.50    0.50
2541  493.50    0.50
2542  494.50    0.50
2543  495.50    0.50
2544  496.50    0.50
2545  497.50    0.50
2546  498.50    0.50
2547  499.50    0.50
2548  500.50    0.50
2549  501.50    0.50
2550  502.50    0.50
2551  503.50    0.50
2552  504.50    0.50
2553  505.50    0.50
2554  506.50    0.50
2555  507.50    0.50
2556  508.50    0.50
2557  509.50    0.50
2558  510.50    0.50
2559  511.50    0.50
2560    0.00    0.00
2561    0.00    0.00
2562    0.00    0.00
2563    0.00    0.00
2564    0.00    0.00
2565    0.00    0.00
2566    0.00    0.00
2567    0.00    0.00
2568    0.00    0.00
2569    0.00    0.00
2570    0.00    0.00
2571    0.00    0.00
2572    0.00    0.00
2573    0.00    0.00
2574    0.00    0.00
2575    0.00    0.00
2576    0.00    0.00
2577    0.00    0.00
2578    0.00    0.00
2579    0.00    0.00
2580    0.00    0.00
2581    0.00    0.00
2582    0.00    0.00
2583    0.00    0.00
2584    0.00    0.00
2585    0.00    0.00
2586    0.00    0.00
2587    0.00    0.00
2588    0.00    0.00
2589    0.00    0.00
2590    0.00    0.00
2591    0.00    0.00
2592    0.00    0.00
2593    0.00    0.00
2594    0.00    0.00
2595    0.00    0.00
2596    0.00    0.00
2597    0.00    0.00
2598    0.00    0.00
2599    0.00    0.00
2600    0.00    0.00
2601    0.00    0.00
2602    0.00    0.00
2603    0.00    0.00
2604    0.00    0.00
2605    0.00    0.00
2606    0.00    0.00
2607    0.00    0.00
2608    0.00    0.00
2609    0.00    0.00
2610    0.00    0.00
2611    0.00    0.00
2612    0.00    0.00
2613    0.00    0.00
2614    0.00    0.00
2615    0.00    0.00
2616    0.00    0.00
2617    0.00    0.00
2618    0.00    0.00
2619    0.00    0.00
2620    0.00    0.00
2621    0.00    0.00
2622    0.00    0.00
2623    0.00    0.00
2624    0.00    0.00
2625    0.00    0.00
2626    0.00    0.00
2627    0.00    0.00
2628    0.00    0.00
2629    0.00    0.00
2630    0.00    0.00
2631    0.00    0.00
2632    0.00    0.00
2633    0.00    0.00
2634    0.00    0.00
2635    0.00    0.00
2636    0.00    0.00
2637    0.00    0.00
2638    0.00    0.00
2639    0.00    0.00
2640    0.00    0.00
2641    0.00    0.00
2642    0.00    0.00
2643    0.00    0.00
2644    0.00    0.00
2645    0.00    0.00
2646    0.00    0.00
2647    0.00    0.00
2648    0.00    0.00
2649    0.00    0.00
2650    0.00    0.00
2651    0.00    0.00
2652    0.00    0.00
2653    0.00    0.00
2654    0.00    0.00
2655    0.00    0.00
2656    0.00    0.00
2657    0.00    0.00
2658    0.00    0.00
2659    0.00    0.00
2660    0.00    0.00
2661    0.00    0.00
2662    0.00    0.00
2663    0.00    0.00
2664    0.00    0.00
2665    0.00    0.00
2666    0.00    0.00
2667    0.00    0.00
2668    0.00    0.00
2669    0.00    0.00
2670    0.00    0.00
2671    0.00    0.00
2672    0.00    0.00
2673    0.00    0.00
2674    0.00    0.00
2675    0.00    0.00
2676    0.00    0.00
2677    0.00    0.00
2678    0.00    0.00
2679    0.00    0.00
2680    0.00    0.00
2681    0.00    0.00
2682    0.00    0.00
2683    0.00    0.00
2684    0.00    0.00
2685    0.00    0.00
2686    0.00    0.00
2687    0.00    0.00
2688    0.00    0.00
2689    0.00    0.00
2690    0.00    0.00
2691    0.00    0.00
2692    0.00    0.00
2693    0.00    0.00
2694    0.00    0.00
2695    0.00    0.00
2696    0.00    0.00
2697    0.00    0.00
2698    0.00    0.00
2699    0.00    0.00
2700    0.00    0.00
2701    0.00    0.00
2702    0.00    0.00
2703    0.00    0.00
2704    0.00    0.00
2705    0.00    0.00
2706    0.00    0.00
2707    0.00    0.00
2708    0.00    0.00
2709    0.00    0.00
2710    0.00    0.00
2711    0.00    0.00
2712    0.00    0.00
2713    0.00    0.00
2714    0.00    0.00
2715    0.00    0.00
2716    0.00    0.00
2717    0.00    0.00
2718    0.00    0.00
2719    0.00    0.00
2720    0.00    0.00
2721    0.00    0.00
2722    0.00    0.00
2723    0.00    0.00
2724    0.00    0.00
2725    0.00    0.00
2726    0.00    0.00
2727    0.00    0.00
2728    0.00    0.00
2729    0.00    0.00
2730    0.00    0.00
2731    0.00    0.00
2732    0.00    0.00
2733    0.00    0.00
2734    0.00    0.00
2735    0.00    0.00
2736    0.00    0.00
2737    0.00    0.00
2738    0.00    0.00
2739    0.00    0.00
2740    0.00    0.00
2741    0.00    0.00
2742    0.00    0.00
2743    0.00    0.00
2744    0.00    0.00
2745    0.00    0.00
2746    0.00    0.00
2747    0.00    0.00
2748    0.00    0.00
2749    0.00    0.00
2750    0.00    0.00
2751    0.00    0.00
2752    0.00    0.00
2753    0.00    0.00
2754    0.00    0.00
2755    0.00    0.00
2756    0.00    0.00
2757    0.00    0.00
2758    0.00    0.00
2759    0.00    0.00
2760    0.00    0.00
2761    0.00    0.00
2762    0.00    0.00
2763    0.00    0.00
2764    0.00    0.00
2765    0.00    0.00
2766    0.00    0.00
2767    0.00    0.00
2768    0.00    0.00
2769    0.00    0.00
2770    0.00    0.00
2771    0.00    0.00
2772    0.00    0.00
2773    0.00    0.00
2774    0.00    0.00
2775    0.00    0.00
2776    0.00    0.00
2777    0.00    0.00
2778    0.00    0.00
2779    0.00    0.00
2780    0.00    0.00
2781    0.00    0.00
2782    0.00    0.00
2783    0.00    0.00
2784    0.00    0.00
2785    0.00    0.00
2786    0.00    0.00
2787    0.00    0.00
2788    0.00    0.00
2789    0.00    0.00
2790    0.00    0.00
2791    0.00    0.00
2792    0.00    0.00
2793    0.00    0.00
2794    0.00    0.00
2795    0.00    0.00
2796    0.00    0.00
2797    0.00    0.00
2798    0.00    0.00
2799    0.00    0.00
2800    0.00    0.00
2801    0.00    0.00
2802    0.00    0.00
2803    0.00    0.00
2804    0.00    0.00
2805    0.00    0.00
2806    0.00    0.00
2807    0.00    0.00
2808    0.00    0.00
2809    0.00    0.00
2810    0.00    0.00
2811    0.00    0.00
2812    0.00    0.00
2813    0.00    0.00
2814    0.00    0.00
2815    0.00    0.00
2816    0.00    0.00
2817    0.00    0.00
2818    0.00    0.00
2819    0.00    0.00
2820    0.00    0.00
2821    0.00    0.00
2822    0.00    0.00
2823    0.00    0.00
2824    0.00    0.00
2825    0.00    0.00
2826    0.00    0.00
2827    0.00    0.00
2828    0.00    0.00
2829    0.00    0.00
2830    0.00    0.00
2831    0.00    0.00
2832    0.00    0.00
2833    0.00    0.00
2834    0.00    0.00
2835    0.00    0.00
2836    0.00    0.00
2837    0.00    0.00
2838    0.00    0.00
2839    0.00    0.00
2840    0.00    0.00
2841    0.00    0.00
2842    0.00    0.00
2843    0.00    0.00
2844    0.00    0.00
2845    0.00    0.00
2846    0.00    0.00
2847    0.00    0.00
2848    0.00    0.00
2849    0.00    0.00
2850    0.00    0.00
2851    0.00    0.00
2852    0.00    0.00
2853    0.00    0.00
2854    0.00    0.00
2855    0.00    0.00
2856    0.00    0.00
2857    0.00    0.00
2858    0.00    0.00
2859    0.00    0.00
2860    0.00    0.00
2861    0.00    0.00
2862    0.00    0.00
2863    0.00    0.00
2864    0.00    0.00
2865    0.00    0.00
2866    0.00    0.00
2867    0.00    0.00
2868    0.00    0.00
2869    0.00    0.00
2870    0.00    0.00
2871    0.00    0.00
2872    0.00    0.00
2873    0.00    0.00
2874    0.00    0.00
2875    0.00    0.00
2876    0.00    0.00
2877    0.00    0.00
2878    0.00    0.00
2879    0.00    0.00
2880    0.00    0.00
2881    0.00    0.00
2882    0.00    0.00
2883    0.00    0.00
2884    0.00    0.00
2885    0.00    0.00
2886    0.00    0.00
2887    0.00    0.00
2888    0.00    0.00
2889    0.00    0.00
2890    0.00    0.00
2891    0.00    0.00
2892    0.00    0.00
2893    0.00    0.00
2894    0.00    0.00
2895    0.00    0.00
2896    0.00    0.00
2897    0.00    0.00
2898    0.00    0.00
2899    0.00    0.00
2900    0.00    0.00
2901    0.00    0.00
2902    0.00    0.00
2903    0.00    0.00
2904    0.00    0.00
2905    0.00    0.00
2906    0.00    0.00
2907    0.00    0.00
2908    0.00    0.00
2909    0.00    0.00
2910    0.00    0.00
2911    0.00    0.00
2912    0.00    0.00
2913    0.00    0.00
2914    0.00    0.00
2915    0.00    0.00
2916    0.00    0.00
2917    0.00    0.00
2918    0.00    0.00
2919    0.00    0.00
2920    0.00    0.00
2921    0.00    0.00
2922    0.00    0.00
2923    0.00    0.00
2924    0.00    0.00
2925    0.00    0.00
2926    0.00    0.00
2927    0.00    0.00
2928    0.00    0.00
2929    0.00    0.00
2930    0.00    0.00
2931    0.00    0.00
2932    0.00    0.00
2933    0.00    0.00
2934    0.00    0.00
2935    0.00    0.00
2936    0.00    0.00
2937    0.00    0.00
2938    0.00    0.00
2939    0.00    0.00
2940    0.00    0.00
2941    0.00    0.00
2942    0.00    0.00
2943    0.00    0.00
2944    0.00    0.00
2945    0.00    0.00
2946    0.00    0.00
2947    0.00    0.00
2948    0.00    0.00
2949    0.00    0.00
2950    0.00    0.00
2951    0.00    0.00
2952    0.00    0.00
2953    0.00    0.00
2954    0.00    0.00
2955    0.00    0.00
2956    0.00    0.00
2957    0.00    0.00
2958    0.00    0.00
2959    0.00    0.00
2960    0.00    0.00
2961    0.00    0.00
2962    0.00    0.00
2963    0.00    0.00
2964    0.00    0.00
2965    0.00    0.00
2966    0.00    0.00
2967    0.00    0.00
2968    0.00    0.00
2969    0.00    0.00
2970    0.00    0.00
2971    0.00    0.00
2972    0.00    0.00
2973    0.00    0.00
2974    0.00    0.00
2975    0.00    0.00
2976    0.00    0.00
2977    0.00    0.00
2978    0.00    0.00
2979    0.00    0.00
2980    0.00    0.00
2981    0.00    0.00
2982    0.00    0.00
2983    0.00    0.00
2984    0.00    0.00
2985    0.00    0.00
2986    0.00    0.00
2987    0.00    0.00
2988    0.00    0.00
2989    0.00    0.00
2990    0.00    0.00
2991    0.00    0.00
2992    0.00    0.00
2993    0.00    0.00
2994    0.00    0.00
2995    0.00    0.00
2996    0.00    0.00
2997    0.00    0.00
2998    0.00    0.00
2999    0.00    0.00
3000    0.00    0.00
3001    0.00    0.00
3002    0.00    0.00
3003    0.00    0.00
3004    0.00    0.00
3005    0.00    0.00
3006    0.00    0.00
3007    0.00    0.00
3008    0.00    0.00
3009    0.00    0.00
3010    0.00    0.00
3011    0.00    0.00
3012    0.00    0.00
3013    0.00    0.00
3014    0.00    0.00
3015    0.00    0.00
3016    0.00    0.00
3017    0.00    0.00
3018    0.00    0.00
3019    0.00    0.00
3020    0.00    0.00
3021    0.00    0.00
3022    0.00    0.00
3023    0.00    0.00
3024    0.00    0.00
3025    0.00    0.00
3026    0.00    0.00
3027    0.00    0.00
3028    0.00    0.00
3029    0.00    0.00
3030    0.00    0.00
3031    0.00    0.00
3032    0.00    0.00
3033    0.00    0.00
3034    0.00    0.00
3035    0.00    0.00
3036    0.00    0.00
3037    0.00    0.00
3038    0.00    0.00
3039    0.00    0.00
3040    0.00    0.00
3041    0.00    0.00
3042    0.00    0.00
3043    0.00    0.00
3044    0.00    0.00
3045    0.00    0.00
3046    0.00    0.00
3047    0.00    0.00
3048    0.00    0.00
3049    0.00    0.00
3050    0.00    0.00
3051    0.00    0.00
3052    0.00    0.00
3053    0.00    0.00
3054    0.00    0.00
3055    0.00    0.00
3056    0.00    0.00
3057    0.00    0.00
3058    0.00    0.00
3059    0.00    0.00
3060    0.00    0.00
3061    0.00    0.00
3062    0.00    0.00
3063    0.00    0.00
3064    0.00    0.00
3065    0.00    0.00
3066    0.00    0.00
3067    0.00    0.00
3068    0.00    0.00
3069    0.00    0.00
3070    0.00    0.00
3071    0.00    0.00
3072    0.00    0.00
3073    0.00    0.00
3074    0.00    0.00
3075    0.00    0.00
3076    0.00    0.00
3077    0.00    0.00
3078    0.00    0.00
3079    0.00    0.00
3080    0.00    0.00
3081    0.00    0.00
3082    0.00    0.00
3083    0.00    0.00
3084    0.00    0.00
3085    0.00    0.00
3086    0.00    0.00
3087    0.00    0.00
3088    0.00    0.00
3089    0.00    0.00
3090    0.00    0.00
3091    0.00    0.00
3092    0.00    0.00
3093    0.00    0.00
3094    0.00    0.00
3095    0.00    0.00
3096    0.00    0.00
3097    0.00    0.00
3098    0.00    0.00
3099    0.00    0.00
3100    0.00    0.00
3101    0.00    0.00
3102    0.00    0.00
3103    0.00    0.00
3104    0.00    0.00
3105    0.00    0.00
3106    0.00    0.00
3107    0.00    0.00
3108    0.00    0.00
3109    0.00    0.00
3110    0.00    0.00
3111    0.00    0.00
3112    0.00    0.00
3113    0.00    0.00
3114    0.00    0.00
3115    0.00    0.00
3116    0.00    0.00
3117    0.00    0.00
3118    0.00    0.00
3119    0.00    0.00
3120    0.00    0.00
3121    0.00    0.00
3122    0.00    0.00
3123    0.00    0.00
3124    0.00    0.00
3125    0.00    0.00
3126    0.00    0.00
3127    0.00    0.00
3128    0.00    0.00
3129    0.00    0.00
3130    0.00    0.00
3131    0.00    0.00
3132    0.00    0.00
3133    0.00    0.00
3134    0.00    0.00
3135    0.00    0.00
3136    0.00    0.00
3137    0.00    0.00
3138    0.00    0.00
3139    0.00    0.00
3140    0.00    0.00
3141    0.00    0.00
3142    0.00    0.00
3143    0.00    0.00
3144    0.00    0.00
3145    0.00    0.00
3146    0.00    0.00
3147    0.00    0.00
3148    0.00    0.00
3149    0.00    0.00
3150    0.00    0.00
3151    0.00    0.00
3152    0.00    0.00
3153    0.00    0.00
3154    0.00    0.00
3155    0.00    0.00
3156    0.00    0.00
3157    0.00    0.00
3158    0.00    0.00
3159    0.00    0.00
3160    0.00    0.00
3161    0.00    0.00
3162    0.00    0.00
3163    0.00    0.00
3164    0.00    0.00
3165    0.00    0.00
3166    0.00    0.00
3167    0.00    0.00
3168    0.00    0.00
3169    0.00    0.00
3170    0.00    0.00
3171    0.00    0.00
3172    0.00    0.00
3173    0.00    0.00
3174    0.00    0.00
3175    0.00    0.00
3176    0.00    0.00
3177    0.00    0.00
3178    0.00    0.00
3179    0.00    0.00
3180    0.00    0.00
3181    0.00    0.00
3182    0.00    0.00
3183    0.00    0.00
3184    0.00    0.00
3185    0.00    0.00
3186    0.00    0.00
3187    0.00    0.00
3188    0.00    0.00
3189    0.00    0.00
3190    0.00    0.00
3191    0.00    0.00
3192    0.00    0.00
3193    0.00    0.00
3194    0.00    0.00
3195    0.00    0.00
3196    0.00    0.00
3197    0.00    0.00
3198    0.00    0.00
3199    0.00    0.00
3200    0.00    0.00
3201    0.00    0.00
3202    0.00    0.00
3203    0.00    0.00
3204    0.00    0.00
3205    0.00    0.00
3206    0.00    0.00
3207    0.00    0.00
3208    0.00    0.00
3209    0.00    0.00
3210    0.00    0.00
3211    0.00    0.00
3212    0.00    0.00
3213    0.00    0.00
3214    0.00    0.00
3215    0.00    0.00
3216    0.00    0.00
3217    0.00    0.00
3218    0.00    0.00
3219    0.00    0.00
3220    0.00    0.00
3221    0.00    0.00
3222    0.00    0.00
3223    0.00    0.00
3224    0.00    0.00
3225    0.00    0.00
3226    0.00    0.00
3227    0.00    0.00
3228    0.00    0.00
3229    0.00    0.00
3230    0.00    0.00
3231    0.00    0.00
3232    0.00    0.00
3233    0.00    0.00
3234    0.00    0.00
3235    0.00    0.00
3236    0.00    0.00
3237    0.00    0.00
3238    0.00    0.00
3239    0.00    0.00
3240    0.00    0.00
3241    0.00    0.00
3242    0.00    0.00
3243    0.00    0.00
3244    0.00    0.00
3245    0.00    0.00
3246    0.00    0.00
3247    0.00    0.00
3248    0.00    0.00
3249    0.00    0.00
3250    0.00    0.00
3251    0.00    0.00
3252    0.00    0.00
3253    0.00    0.00
3254    0.00    0.00
3255    0.00    0.00
3256    0.00    0.00
3257    0.00    0.00
3258    0.00    0.00
3259    0.00    0.00
3260    0.00    0.00
3261    0.00    0.00
3262    0.00    0.00
3263    0.00    0.00
3264    0.00    0.00
3265    0.00    0.00
3266    0.00    0.00
3267    0.00    0.00
3268    0.00    0.00
3269    0.00    0.00
3270    0.00    0.00
3271    0.00    0.00
3272    0.00    0.00
3273    0.00    0.00
3274    0.00    0.00
3275    0.00    0.00
3276    0.00    0.00
3277    0.00    0.00
3278    0.00    0.00
3279    0.00    0.00
3280    0.00    0.00
3281    0.00    0.00
3282    0.00    0.00
3283    0.00    0.00
3284    0.00    0.00
3285    0.00    0.00
3286    0.00    0.00
3287    0.00    0.00
3288    0.00    0.00
3289    0.00    0.00
3290    0.00    0.00
3291    0.00    0.00
3292    0.00    0.00
3293    0.00    0.00
3294    0.00    0.00
3295    0.00    0.00
3296    0.00    0.00
3297    0.00    0.00
3298    0.00    0.00
3299    0.00    0.00
3300    0.00    0.00
3301    0.00    0.00
3302    0.00    0.00
3303    0.00    0.00
3304    0.00    0.00
3305    0.00    0.00
3306    0.00    0.00
3307    0.00    0.00
3308    0.00    0.00
3309    0.00    0.00
3310    0.00    0.00
3311    0.00    0.00
3312    0.00    0.00
3313    0.00    0.00
3314    0.00    0.00
3315    0.00    0.00
3316    0.00    0.00
3317    0.00    0.00
3318    0.00    0.00
3319    0.00    0.00
3320    0.00    0.00
3321    0.00    0.00
3322    0.00    0.00
3323    0.00    0.00
3324    0.00    0.00
3325    0.00    0.00
3326    0.00    0.00
3327    0.00    0.00
3328    0.00    0.00
3329    0.00    0.00
3330    0.00    0.00
3331    0.00    0.00
3332    0.00    0.00
3333    0.00    0.00
3334    0.00    0.00
3335    0.00    0.00
3336    0.00    0.00
3337    0.00    0.00
3338    0.00    0.00
3339    0.00    0.00
3340    0.00    0.00
3341    0.00    0.00
3342    0.00    0.00
3343    0.00    0.00
3344    0.00    0.00
3345    0.00    0.00
3346    0.00    0.00
3347    0.00    0.00
3348    0.00    0.00
3349    0.00    0.00
3350    0.00    0.00
3351    0.00    0.00
3352    0.00    0.00
3353    0.00    0.00
3354    0.00    0.00
3355    0.00    0.00
3356    0.00    0.00
3357    0.00    0.00
3358    0.00    0.00
3359    0.00    0.00
3360    0.00    0.00
3361    0.00    0.00
3362    0.00    0.00
3363    0.00    0.00
3364    0.00    0.00
3365    0.00    0.00
3366    0.00    0.00
3367    0.00    0.00
3368    0.00    0.00
3369    0.00    0.00
3370    0.00    0.00
3371    0.00    0.00
3372    0.00    0.00
3373    0.00    0.00
3374    0.00    0.00
3375    0.00    0.00
3376    0.00    0.00
3377    0.00    0.00
3378    0.00    0.00
3379    0.00    0.00
3380    0.00    0.00
3381    0.00    0.00
3382    0.00    0.00
3383    0.00    0.00
3384    0.00    0.00
3385    0.00    0.00
3386    0.00    0.00
3387    0.00    0.00
3388    0.00    0.00
3389    0.00    0.00
3390    0.00    0.00
3391    0.00    0.00
3392    0.00    0.00
3393    0.00    0.00
3394    0.00    0.00
3395    0.00    0.00
3396    0.00    0.00
3397    0.00    0.00
3398    0.00    0.00
3399    0.00    0.00
3400    0.00    0.00
3401    0.00    0.00
3402    0.00    0.00
3403    0.00    0.00
3404    0.00    0.00
3405    0.00    0.00
3406    0.00    0.00
3407    0.00    0.00
3408    0.00    0.00
3409    0.00    0.00
3410    0.00    0.00
3411    0.00    0.00
3412    0.00    0.00
3413    0.00    0.00
3414    0.00    0.00
3415    0.00    0.00
3416    0.00    0.00
3417    0.00    0.00
3418    0.00    0.00
3419    0.00    0.00
3420    0.00    0.00
3421    0.00    0.00
3422    0.00    0.00
3423    0.00    0.00
3424    0.00    0.00
3425    0.00    0.00
3426    0.00    0.00
3427    0.00    0.00
3428    0.00    0.00
3429    0.00    0.00
3430    0.00    0.00
3431    0.00    0.00
3432    0.00    0.00
3433    0.00    0.00
3434    0.00    0.00
3435    0.00    0.00
3436    0.00    0.00
3437    0.00    0.00
3438    0.00    0.00
3439    0.00    0.00
3440    0.00    0.00
3441    0.00    0.00
3442    0.00    0.00
3443    0.00    0.00
3444    0.00    0.00
3445    0.00    0.00
3446    0.00    0.00
3447    0.00    0.00
3448    0.00    0.00
3449    0.00    0.00
3450    0.00    0.00
3451    0.00    0.00
3452    0.00    0.00
3453    0.00    0.00
3454    0.00    0.00
3455    0.00    0.00
3456    0.00    0.00
3457    0.00    0.00
3458    0.00    0.00
3459    0.00    0.00
3460    0.00    0.00
3461    0.00    0.00
3462    0.00    0.00
3463    0.00    0.00
3464    0.00    0.00
3465    0.00    0.00
3466    0.00    0.00
3467    0.00    0.00
3468    0.00    0.00
3469    0.00    0.00
3470    0.00    0.00
3471    0.00    0.00
3472    0.00    0.00
3473    0.00    0.00
3474    0.00    0.00
3475    0.00    0.00
3476    0.00    0.00
3477    0.00    0.00
3478    0.00    0.00
3479    0.00    0.00
3480    0.00    0.00
3481    0.00    0.00
3482    0.00    0.00
3483    0.00    0.00
3484    0.00    0.00
3485    0.00    0.00
3486    0.00    0.00
3487    0.00    0.00
3488    0.00    0.00
3489    0.00    0.00
3490    0.00    0.00
3491    0.00    0.00
3492    0.00    0.00
3493    0.00    0.00
3494    0.00    0.00
3495    0.00    0.00
3496    0.00    0.00
3497    0.00    0.00
3498    0.00    0.00
3499    0.00    0.00
3500    0.00    0.00
3501    0.00    0.00
3502    0.00    0.00
3503    0.00    0.00
3504    0.00    0.00
3505    0.00    0.00
3506    0.00    0.00
3507    0.00    0.00
3508    0.00    0.00
3509    0.00    0.00
3510    0.00    0.00
3511    0.00    0.00
3512    0.00    0.00
3513    0.00    0.00
3514    0.00    0.00
3515    0.00    0.00
3516    0.00    0.00
3517    0.00    0.00
3518    0.00    0.00
3519    0.00    0.00
3520    0.00    0.00
3521    0.00    0.00
3522    0.00    0.00
3523    0.00    0.00
3524    0.00    0.00
3525    0.00    0.00
3526    0.00    0.00
3527    0.00    0.00
3528    0.00    0.00
3529    0.00    0.00
3530    0.00    0.00
3531    0.00    0.00
3532    0.00    0.00
3533    0.00    0.00
3534    0.00    0.00
3535    0.00    0.00
3536    0.00    0.00
3537    0.00    0.00
3538    0.00    0.00
3539    0.00    0.00
3540    0.00    0.00
3541    0.00    0.00
3542    0.00    0.00
3543    0.00    0.00
3544    0.00    0.00
3545    0.00    0.00
3546    0.00    0.00
3547    0.00    0.00
3548    0.00    0.00
3549    0.00    0.00
3550    0.00    0.00
3551    0.00    0.00
3552    0.00    0.00
3553    0.00    0.00
3554    0.00    0.00
3555    0.00    0.00
3556    0.00    0.00
3557    0.00    0.00
3558    0.00    0.00
3559    0.00    0.00
3560    0.00    0.00
3561    0.00    0.00
3562    0.00    0.00
3563    0.00    0.00
3564    0.00    0.00
3565    0.00    0.00
3566    0.00    0.00
3567    0.00    0.00
3568    0.00    0.00
3569    0.00    0.00
3570    0.00    0.00
3571    0.00    0.00
3572    0.00    0.00
3573    0.00    0.00
3574    0.00    0.00
3575    0.00    0.00
3576    0.00    0.00
3577    0.00    0.00
3578    0.00    0.00
3579    0.00    0.00
3580    0.00    0.00
3581    0.00    0.00
3582    0.00    0.00
3583    0.00    0.00
3584    0.00    0.00
3585    0.00    0.00
3586    0.00    0.00
3587    0.00    0.00
3588    0.00    0.00
3589    0.00    0.00
3590    0.00    0.00
3591    0.00    0.00
3592    0.00    0.00
3593    0.00    0.00
3594    0.00    0.00
3595    0.00    0.00
3596    0.00    0.00
3597    0.00    0.00
3598    0.00    0.00
3599    0.00    0.00
3600    0.00    0.00
3601    0.00    0.00
3602    0.00    0.00
3603    0.00    0.00
3604    0.00    0.00
3605    0.00    0.00
3606    0.00    0.00
3607    0.00    0.00
3608    0.00    0.00
3609    0.00    0.00
3610    0.00    0.00
3611    0.00    0.00
3612    0.00    0.00
3613    0.00    0.00
3614    0.00    0.00
3615    0.00    0.00
3616    0.00    0.00
3617    0.00    0.00
3618    0.00    0.00
3619    0.00    0.00
3620    0.00    0.00
3621    0.00    0.00
3622    0.00    0.00
3623    0.00    0.00
3624    0.00    0.00
3625    0.00    0.00
3626    0.00    0.00
3627    0.00    0.00
3628    0.00    0.00
3629    0.00    0.00
3630    0.00    0.00
3631    0.00    0.00
3632    0.00    0.00
3633    0.00    0.00
3634    0.00    0.00
3635    0.00    0.00
3636    0.00    0.00
3637    0.00    0.00
3638    0.00    0.00
3639    0.00    0.00
3640    0.00    0.00
3641    0.00    0.00
3642    0.00    0.00
3643    0.00    0.00
3644    0.00    0.00
3645    0.00    0.00
3646    0.00    0.00
3647    0.00    0.00
3648    0.00    0.00
3649    0.00    0.00
3650    0.00    0.00
3651    0.00    0.00
3652    0.00    0.00
3653    0.00    0.00
3654    0.00    0.00
3655    0.00    0.00
3656    0.00    0.00
3657    0.00    0.00
3658    0.00    0.00
3659    0.00    0.00
3660    0.00    0.00
3661    0.00    0.00
3662    0.00    0.00
3663    0.00    0.00
3664    0.00    0.00
3665    0.00    0.00
3666    0.00    0.00
3667    0.00    0.00
3668    0.00    0.00
3669    0.00    0.00
3670    0.00    0.00
3671    0.00    0.00
3672    0.00    0.00
3673    0.00    0.00
3674    0.00    0.00
3675    0.00    0.00
3676    0.00    0.00
3677    0.00    0.00
3678    0.00    0.00
3679    0.00    0.00
3680    0.00    0.00
3681    0.00    0.00
3682    0.00    0.00
3683    0.00    0.00
3684    0.00    0.00
3685    0.00    0.00
3686    0.00    0.00
3687    0.00    0.00
3688    0.00    0.00
3689    0.00    0.00
3690    0.00    0.00
3691    0.00    0.00
3692    0.00    0.00
3693    0.00    0.00
3694    0.00    0.00
3695    0.00    0.00
3696    0.00    0.00
3697    0.00    0.00
3698    0.00    0.00
3699    0.00    0.00
3700    0.00    0.00
3701    0.00    0.00
3702    0.00    0.00
3703    0.00    0.00
3704    0.00    0.00
3705    0.00    0.00
3706    0.00    0.00
3707    0.00    0.00
3708    0.00    0.00
3709    0.00    0.00
3710    0.00    0.00
3711    0.00    0.00
3712    0.00    0.00
3713    0.00    0.00
3714    0.00    0.00
3715    0.00    0.00
3716    0.00    0.00
3717    0.00    0.00
3718    0.00    0.00
3719    0.00    0.00
3720    0.00    0.00
3721    0.00    0.00
3722    0.00    0.00
3723    0.00    0.00
3724    0.00    0.00
3725    0.00    0.00
3726    0.00    0.00
3727    0.00    0.00
3728    0.00    0.00
3729    0.00    0.00
3730    0.00    0.00
3731    0.00    0.00
3732    0.00    0.00
3733    0.00    0.00
3734    0.00    0.00
3735    0.00    0.00
3736    0.00    0.00
3737    0.00    0.00
3738    0.00    0.00
3739    0.00    0.00
3740    0.00    0.00
3741    0.00    0.00
3742    0.00    0.00
3743    0.00    0.00
3744    0.00    0.00
3745    0.00    0.00
3746    0.00    0.00
3747    0.00    0.00
3748    0.00    0.00
3749    0.00    0.00
3750    0.00    0.00
3751    0.00    0.00
3752    0.00    0.00
3753    0.00    0.00
3754    0.00    0.00
3755    0.00    0.00
3756    0.00    0.00
3757    0.00    0.00
3758    0.00    0.00
3759    0.00    0.00
3760    0.00    0.00
3761    0.00    0.00
3762    0.00    0.00
3763    0.00    0.00
3764    0.00    0.00
3765    0.00    0.00
3766    0.00    0.00
3767    0.00    0.00
3768    0.00    0.00
3769    0.00    0.00
3770    0.00    0.00
3771    0.00    0.00
3772    0.00    0.00
3773    0.00    0.00
3774    0.00    0.00
3775    0.00    0.00
3776    0.00    0.00
3777    0.00    0.00
3778    0.00    0.00
3779    0.00    0.00
3780    0.00    0.00
3781    0.00    0.00
3782    0.00    0.00
3783    0.00    0.00
3784    0.00    0.00
3785    0.00    0.00
3786    0.00    0.00
3787    0.00    0.00
3788    0.00    0.00
3789    0.00    0.00
3790    0.00    0.00
3791    0.00    0.00
3792    0.00    0.00
3793    0.00    0.00
3794    0.00    0.00
3795    0.00    0.00
3796    0.00    0.00
3797    0.00    0.00
3798    0.00    0.00
3799    0.00    0.00
3800    0.00    0.00
3801    0.00    0.00
3802    0.00    0.00
3803    0.00    0.00
3804    0.00    0.00
3805    0.00    0.00
3806    0.00    0.00
3807    0.00    0.00
3808    0.00    0.00
3809    0.00    0.00
3810    0.00    0.00
3811    0.00    0.00
3812    0.00    0.00
3813    0.00    0.00
3814    0.00    0.00
3815    0.00    0.00
3816    0.00    0.00
3817    0.00    0.00
3818    0.00    0.00
3819    0.00    0.00
3820    0.00    0.00
3821    0.00    0.00
3822    0.00    0.00
3823    0.00    0.00
3824    0.00    0.00
3825    0.00    0.00
3826    0.00    0.00
3827    0.00    0.00
3828    0.00    0.00
3829    0.00    0.00
3830    0.00    0.00
3831    0.00    0.00
3832    0.00    0.00
3833    0.00    0.00
3834    0.00    0.00
3835    0.00    0.00
3836    0.00    0.00
3837    0.00    0.00
3838    0.00    0.00
3839    0.00    0.00
3840    0.00    0.00
3841    0.00    0.00
3842    0.00    0.00
3843    0.00    0.00
3844    0.00    0.00
3845    0.00    0.00
3846    0.00    0.00
3847    0.00    0.00
3848    0.00    0.00
3849    0.00    0.00
3850    0.00    0.00
3851    0.00    0.00
3852    0.00    0.00
3853    0.00    0.00
3854    0.00    0.00
3855    0.00    0.00
3856    0.00    0.00
3857    0.00    0.00
3858    0.00    0.00
3859    0.00    0.00
3860    0.00    0.00
3861    0.00    0.00
3862    0.00    0.00
3863    0.00    0.00
3864    0.00    0.00
3865    0.00    0.00
3866    0.00    0.00
3867    0.00    0.00
3868    0.00    0.00
3869    0.00    0.00
3870    0.00    0.00
3871    0.00    0.00
3872    0.00    0.00
3873    0.00    0.00
3874    0.00    0.00
3875    0.00    0.00
3876    0.00    0.00
3877    0.00    0.00
3878    0.00    0.00
3879    0.00    0.00
3880    0.00    0.00
3881    0.00    0.00
3882    0.00    0.00
3883    0.00    0.00
3884    0.00    0.00
3885    0.00    0.00
3886    0.00    0.00
3887    0.00    0.00
3888    0.00    0.00
3889    0.00    0.00
3890    0.00    0.00
3891    0.00    0.00
3892    0.00    0.00
3893    0.00    0.00
3894    0.00    0.00
3895    0.00    0.00
3896    0.00    0.00
3897    0.00    0.00
3898    0.00    0.00
3899    0.00    0.00
3900    0.00    0.00
3901    0.00    0.00
3902    0.00    0.00
3903    0.00    0.00
3904    0.00    0.00
3905    0.00    0.00
3906    0.00    0.00
3907    0.00    0.00
3908    0.00    0.00
3909    0.00    0.00
3910    0.00    0.00
3911    0.00    0.00
3912    0.00    0.00
3913    0.00    0.00
3914    0.00    0.00
3915    0.00    0.00
3916    0.00    0.00
3917    0.00    0.00
3918    0.00    0.00
3919    0.00    0.00
3920    0.00    0.00
3921    0.00    0.00
3922    0.00    0.00
3923    0.00    0.00
3924    0.00    0.00
3925    0.00    0.00
3926    0.00    0.00
3927    0.00    0.00
3928    0.00    0.00
3929    0.00    0.00
3930    0.00    0.00
3931    0.00    0.00
3932    0.00    0.00
3933    0.00    0.00
3934    0.00    0.00
3935    0.00    0.00
3936    0.00    0.00
3937    0.00    0.00
3938    0.00    0.00
3939    0.00    0.00
3940    0.00    0.00
3941    0.00    0.00
3942    0.00    0.00
3943    0.00    0.00
3944    0.00    0.00
3945    0.00    0.00
3946    0.00    0.00
3947    0.00    0.00
3948    0.00    0.00
3949    0.00    0.00
3950    0.00    0.00
3951    0.00    0.00
3952    0.00    0.00
3953    0.00    0.00
3954    0.00    0.00
3955    0.00    0.00
3956    0.00    0.00
3957    0.00    0.00
3958    0.00    0.00
3959    0.00    0.00
3960    0.00    0.00
3961    0.00    0.00
3962    0.00    0.00
3963    0.00    0.00
3964    0.00    0.00
3965    0.00    0.00
3966    0.00    0.00
3967    0.00    0.00
3968    0.00    0.00
3969    0.00    0.00
3970    0.00    0.00
3971    0.00    0.00
3972    0.00    0.00
3973    0.00    0.00
3974    0.00    0.00
3975    0.00    0.00
3976    0.00    0.00
3977    0.00    0.00
3978    0.00    0.00
3979    0.00    0.00
3980    0.00    0.00
3981    0.00    0.00
3982    0.00    0.00
3983    0.00    0.00
3984    0.00    0.00
3985    0.00    0.00
3986    0.00    0.00
3987    0.00    0.00
3988    0.00    0.00
3989    0.00    0.00
3990    0.00    0.00
3991    0.00    0.00
3992    0.00    0.00
3993    0.00    0.00
3994    0.00    0.00
3995    0.00    0.00
3996    0.00    0.00
3997    0.00    0.00
3998    0.00    0.00
3999    0.00    0.00
4000    0.00    0.00
4001    0.00    0.00
4002    0.00    0.00
4003    0.00    0.00
4004    0.00    0.00
4005    0.00    0.00
4006    0.00    0.00
4007    0.00    0.00
4008    0.00    0.00
4009    0.00    0.00
4010    0.00    0.00
4011    0.00    0.00
4012    0.00    0.00
4013    0.00    0.00
4014    0.00    0.00
4015    0.00    0.00
4016    0.00    0.00
4017    0.00    0.00
4018    0.00    0.00
4019    0.00    0.00
4020    0.00    0.00
4021    0.00    0.00
4022    0.00    0.00
4023    0.00    0.00
4024    0.00    0.00
4025    0.00    0.00
4026    0.00    0.00
4027    0.00    0.00
4028    0.00    0.00
4029    0.00    0.00
4030    0.00    0.00
4031    0.00    0.00
4032    0.00    0.00
4033    0.00    0.00
4034    0.00    0.00
4035    0.00    0.00
4036    0.00    0.00
4037    0.00    0.00
4038    0.00    0.00
4039    0.00    0.00
4040    0.00    0.00
4041    0.00    0.00
4042    0.00    0.00
4043    0.00    0.00
4044    0.00    0.00
4045    0.00    0.00
4046    0.00    0.00
4047    0.00    0.00
4048    0.00    0.00
4049    0.00    0.00
4050    0.00    0.00
4051    0.00    0.00
4052    0.00    0.00
4053    0.00    0.00
4054    0.00    0.00
4055    0.00    0.00
4056    0.00    0.00
4057    0.00    0.00
4058    0.00    0.00
4059    0.00    0.00
4060    0.00    0.00
4061    0.00    0.00
4062    0.00    0.00
4063    0.00    0.00
4064    0.00    0.00
4065    0.00    0.00
4066    0.00    0.00
4067    0.00    0.00
4068    0.00    0.00
4069    0.00    0.00
4070    0.00    0.00
4071    0.00    0.00
4072    0.00    0.00
4073    0.00    0.00
4074    0.00    0.00
4075    0.00    0.00
4076    0.00    0.00
4077    0.00    0.00
4078    0.00    0.00
4079    0.00    0.00
4080    0.00    0.00
4081    0.00    0.00
4082    0.00    0.00
4083    0.00    0.00
4084    0.00    0.00
4085    0.00    0.00
4086    0.00    0.00
4087    0.00    0.00
4088    0.00    0.00
4089    0.00    0.00
4090    0.00    0.00
4091    0.00    0.00
4092    0.00    0.00
4093    0.00    0.00
4094    0.00    0.00
4095    0.00    0.00
